the number of points per synthesis =   1351
start =  12050.000     stop =  12320.000     step =      0.200
 12050.000     1.00000
 12050.200     1.00000
 12050.400     1.00000
 12050.600     0.99775
 12050.800     0.99938
 12051.000     0.99979
 12051.200     0.99951
 12051.400     0.99765
 12051.600     0.99511
 12051.800     0.99432
 12052.000     0.99217
 12052.200     0.99014
 12052.400     0.99296
 12052.600     0.98745
 12052.800     0.94027
 12053.000     0.87398
 12053.200     0.89208
 12053.400     0.95978
 12053.600     0.99342
 12053.800     0.99915
 12054.000     0.99924
 12054.200     0.99778
 12054.400     0.99657
 12054.600     0.99773
 12054.800     0.99925
 12055.000     0.99961
 12055.200     0.99859
 12055.400     0.99593
 12055.600     0.99173
 12055.800     0.98923
 12056.000     0.99343
 12056.200     0.99801
 12056.400     0.99936
 12056.600     0.99888
 12056.800     0.99755
 12057.000     0.99691
 12057.200     0.99773
 12057.400     0.99780
 12057.600     0.99218
 12057.800     0.98099
 12058.000     0.97917
 12058.200     0.99007
 12058.400     0.99792
 12058.600     0.99968
 12058.800     0.99991
 12059.000     0.99992
 12059.200     0.99991
 12059.400     0.99993
 12059.600     0.99997
 12059.800     1.00000
 12060.000     0.99998
 12060.200     0.99970
 12060.400     0.99806
 12060.600     0.99537
 12060.800     0.99533
 12061.000     0.99795
 12061.200     0.99959
 12061.400     0.99969
 12061.600     0.99931
 12061.800     0.99923
 12062.000     0.99941
 12062.200     0.99953
 12062.400     0.99968
 12062.600     0.99980
 12062.800     0.99954
 12063.000     0.99582
 12063.200     0.97918
 12063.400     0.96123
 12063.600     0.96715
 12063.800     0.97684
 12064.000     0.98751
 12064.200     0.99507
 12064.400     0.99779
 12064.600     0.99817
 12064.800     0.99740
 12065.000     0.99805
 12065.200     0.99875
 12065.400     0.99792
 12065.600     0.99640
 12065.800     0.99600
 12066.000     0.99760
 12066.200     0.99902
 12066.400     0.99862
 12066.600     0.99766
 12066.800     0.99826
 12067.000     0.99867
 12067.200     0.99859
 12067.400     0.99904
 12067.600     0.99876
 12067.800     0.99710
 12068.000     0.99619
 12068.200     0.99662
 12068.400     0.99582
 12068.600     0.99483
 12068.800     0.99198
 12069.000     0.97484
 12069.200     0.95804
 12069.400     0.97665
 12069.600     0.99550
 12069.800     0.99876
 12070.000     0.99871
 12070.200     0.99929
 12070.400     0.99973
 12070.600     0.99974
 12070.800     0.99939
 12071.000     0.99847
 12071.200     0.99620
 12071.400     0.99218
 12071.600     0.99041
 12071.800     0.99347
 12072.000     0.99743
 12072.200     0.99922
 12072.400     0.99925
 12072.600     0.99860
 12072.800     0.99826
 12073.000     0.99783
 12073.200     0.99717
 12073.400     0.99771
 12073.600     0.99746
 12073.800     0.98934
 12074.000     0.97555
 12074.200     0.97537
 12074.400     0.98780
 12074.600     0.99605
 12074.800     0.99845
 12075.000     0.99876
 12075.200     0.99823
 12075.400     0.99680
 12075.600     0.99654
 12075.800     0.99793
 12076.000     0.99785
 12076.200     0.99690
 12076.400     0.99789
 12076.600     0.99834
 12076.800     0.99748
 12077.000     0.99731
 12077.200     0.99789
 12077.400     0.99663
 12077.600     0.99497
 12077.800     0.99592
 12078.000     0.99382
 12078.200     0.99121
 12078.400     0.99521
 12078.600     0.99860
 12078.800     0.99836
 12079.000     0.99802
 12079.200     0.99904
 12079.400     0.99981
 12079.600     0.99986
 12079.800     0.99927
 12080.000     0.99330
 12080.200     0.96828
 12080.400     0.94489
 12080.600     0.96429
 12080.800     0.98229
 12081.000     0.97691
 12081.200     0.97187
 12081.400     0.97801
 12081.600     0.95014
 12081.800     0.85510
 12082.000     0.79945
 12082.200     0.88410
 12082.400     0.96516
 12082.600     0.97535
 12082.800     0.92755
 12083.000     0.78569
 12083.200     0.59865
 12083.400     0.50882
 12083.600     0.51824
 12083.800     0.63811
 12084.000     0.83463
 12084.200     0.95146
 12084.400     0.97961
 12084.600     0.97283
 12084.800     0.94388
 12085.000     0.92792
 12085.200     0.95662
 12085.400     0.98677
 12085.600     0.99634
 12085.800     0.99755
 12086.000     0.99750
 12086.200     0.99836
 12086.400     0.99924
 12086.600     0.99894
 12086.800     0.99681
 12087.000     0.99498
 12087.200     0.99664
 12087.400     0.99500
 12087.600     0.97587
 12087.800     0.94200
 12088.000     0.93633
 12088.200     0.96468
 12088.400     0.98333
 12088.600     0.99174
 12088.800     0.99618
 12089.000     0.99307
 12089.200     0.98919
 12089.400     0.99271
 12089.600     0.99180
 12089.800     0.98776
 12090.000     0.99325
 12090.200     0.99879
 12090.400     0.99993
 12090.600     1.00000
 12090.800     1.00000
 12091.000     0.99996
 12091.200     0.99975
 12091.400     0.99949
 12091.600     0.99955
 12091.800     0.99929
 12092.000     0.99703
 12092.200     0.99443
 12092.400     0.99576
 12092.600     0.99733
 12092.800     0.99672
 12093.000     0.99516
 12093.200     0.99546
 12093.400     0.99444
 12093.600     0.98282
 12093.800     0.97053
 12094.000     0.98111
 12094.200     0.99428
 12094.400     0.99873
 12094.600     0.99978
 12094.800     0.99991
 12095.000     0.99989
 12095.200     0.99963
 12095.400     0.99837
 12095.600     0.99615
 12095.800     0.99595
 12096.000     0.99816
 12096.200     0.99965
 12096.400     0.99992
 12096.600     0.99976
 12096.800     0.99948
 12097.000     0.99828
 12097.200     0.99230
 12097.400     0.98342
 12097.600     0.98269
 12097.800     0.98742
 12098.000     0.99089
 12098.200     0.99596
 12098.400     0.99931
 12098.600     0.99996
 12098.800     0.99993
 12099.000     0.99880
 12099.200     0.99201
 12099.400     0.97874
 12099.600     0.97481
 12099.800     0.98033
 12100.000     0.95935
 12100.200     0.92720
 12100.400     0.94264
 12100.600     0.97761
 12100.800     0.99458
 12101.000     0.99880
 12101.200     0.99945
 12101.400     0.99933
 12101.600     0.99861
 12101.800     0.99582
 12102.000     0.98277
 12102.200     0.93080
 12102.400     0.87574
 12102.600     0.91469
 12102.800     0.97029
 12103.000     0.96361
 12103.200     0.84357
 12103.400     0.64317
 12103.600     0.61190
 12103.800     0.78640
 12104.000     0.93622
 12104.200     0.98636
 12104.400     0.99485
 12104.600     0.99264
 12104.800     0.98935
 12105.000     0.99350
 12105.200     0.99755
 12105.400     0.99173
 12105.600     0.95599
 12105.800     0.91119
 12106.000     0.92935
 12106.200     0.97364
 12106.400     0.99414
 12106.600     0.99805
 12106.800     0.99880
 12107.000     0.99914
 12107.200     0.99916
 12107.400     0.99872
 12107.600     0.99825
 12107.800     0.99896
 12108.000     0.99967
 12108.200     0.99991
 12108.400     0.99998
 12108.600     0.99996
 12108.800     0.99979
 12109.000     0.99923
 12109.200     0.99846
 12109.400     0.99817
 12109.600     0.99667
 12109.800     0.99037
 12110.000     0.97594
 12110.200     0.95211
 12110.400     0.88601
 12110.600     0.79079
 12110.800     0.82154
 12111.000     0.93187
 12111.200     0.98431
 12111.400     0.97767
 12111.600     0.95693
 12111.800     0.95426
 12112.000     0.96513
 12112.200     0.98297
 12112.400     0.99516
 12112.600     0.99829
 12112.800     0.99836
 12113.000     0.99534
 12113.200     0.99130
 12113.400     0.99305
 12113.600     0.99605
 12113.800     0.99645
 12114.000     0.99655
 12114.200     0.99669
 12114.400     0.99797
 12114.600     0.99910
 12114.800     0.99804
 12115.000     0.99276
 12115.200     0.98802
 12115.400     0.98866
 12115.600     0.97747
 12115.800     0.96543
 12116.000     0.98089
 12116.200     0.99582
 12116.400     0.99719
 12116.600     0.99219
 12116.800     0.98822
 12117.000     0.99362
 12117.200     0.99872
 12117.400     0.99835
 12117.600     0.99056
 12117.800     0.97997
 12118.000     0.98318
 12118.200     0.99388
 12118.400     0.99906
 12118.600     0.99990
 12118.800     0.99957
 12119.000     0.99303
 12119.200     0.95655
 12119.400     0.90056
 12119.600     0.90496
 12119.800     0.95588
 12120.000     0.98097
 12120.200     0.98877
 12120.400     0.99610
 12120.600     0.99942
 12120.800     0.99980
 12121.000     0.99891
 12121.200     0.99643
 12121.400     0.99430
 12121.600     0.99543
 12121.800     0.99741
 12122.000     0.99848
 12122.200     0.99906
 12122.400     0.99950
 12122.600     0.99982
 12122.800     0.99994
 12123.000     0.99986
 12123.200     0.99938
 12123.400     0.99894
 12123.600     0.99929
 12123.800     0.99965
 12124.000     0.99963
 12124.200     0.99868
 12124.400     0.99579
 12124.600     0.99386
 12124.800     0.99607
 12125.000     0.99759
 12125.200     0.99550
 12125.400     0.99247
 12125.600     0.99410
 12125.800     0.99768
 12126.000     0.99931
 12126.200     0.99938
 12126.400     0.99841
 12126.600     0.99658
 12126.800     0.99511
 12127.000     0.99531
 12127.200     0.99749
 12127.400     0.99790
 12127.600     0.99539
 12127.800     0.99403
 12128.000     0.99647
 12128.200     0.99881
 12128.400     0.99901
 12128.600     0.99870
 12128.800     0.99932
 12129.000     0.99981
 12129.200     0.99983
 12129.400     0.99969
 12129.600     0.99894
 12129.800     0.99749
 12130.000     0.99594
 12130.200     0.98995
 12130.400     0.98069
 12130.600     0.98327
 12130.800     0.99143
 12131.000     0.98682
 12131.200     0.97879
 12131.400     0.98814
 12131.600     0.99752
 12131.800     0.99877
 12132.000     0.99558
 12132.200     0.99214
 12132.400     0.99522
 12132.600     0.99851
 12132.800     0.99775
 12133.000     0.99602
 12133.200     0.99707
 12133.400     0.99785
 12133.600     0.99356
 12133.800     0.97586
 12134.000     0.95974
 12134.200     0.97445
 12134.400     0.99007
 12134.600     0.99552
 12134.800     0.99523
 12135.000     0.97637
 12135.200     0.92038
 12135.400     0.86817
 12135.600     0.89588
 12135.800     0.96044
 12136.000     0.98845
 12136.200     0.98043
 12136.400     0.97053
 12136.600     0.98327
 12136.800     0.99528
 12137.000     0.99787
 12137.200     0.99676
 12137.400     0.99522
 12137.600     0.99685
 12137.800     0.99837
 12138.000     0.99847
 12138.200     0.99837
 12138.400     0.99767
 12138.600     0.99671
 12138.800     0.99793
 12139.000     0.99934
 12139.200     0.99899
 12139.400     0.99635
 12139.600     0.99263
 12139.800     0.99269
 12140.000     0.99648
 12140.200     0.99736
 12140.400     0.99565
 12140.600     0.99620
 12140.800     0.99778
 12141.000     0.99893
 12141.200     0.99940
 12141.400     0.99968
 12141.600     0.99980
 12141.800     0.99899
 12142.000     0.99520
 12142.200     0.98861
 12142.400     0.98595
 12142.600     0.99054
 12142.800     0.99626
 12143.000     0.99777
 12143.200     0.99608
 12143.400     0.99509
 12143.600     0.99615
 12143.800     0.99711
 12144.000     0.99786
 12144.200     0.99898
 12144.400     0.99969
 12144.600     0.99989
 12144.800     0.99968
 12145.000     0.99826
 12145.200     0.99608
 12145.400     0.99617
 12145.600     0.99817
 12145.800     0.99947
 12146.000     0.99957
 12146.200     0.99933
 12146.400     0.99855
 12146.600     0.99311
 12146.800     0.98031
 12147.000     0.97457
 12147.200     0.98666
 12147.400     0.99652
 12147.600     0.99909
 12147.800     0.99979
 12148.000     0.99996
 12148.200     1.00000
 12148.400     1.00000
 12148.600     0.99998
 12148.800     0.99996
 12149.000     0.99998
 12149.200     0.99998
 12149.400     0.99992
 12149.600     0.99985
 12149.800     0.99988
 12150.000     0.99994
 12150.200     0.99995
 12150.400     0.99998
 12150.600     1.00000
 12150.800     1.00000
 12151.000     1.00000
 12151.200     1.00000
 12151.400     1.00000
 12151.600     0.99998
 12151.800     0.99979
 12152.000     0.99893
 12152.200     0.99779
 12152.400     0.99692
 12152.600     0.99558
 12152.800     0.99366
 12153.000     0.99167
 12153.200     0.99481
 12153.400     0.99848
 12153.600     0.99960
 12153.800     0.99978
 12154.000     0.99976
 12154.200     0.99958
 12154.400     0.99941
 12154.600     0.99956
 12154.800     0.99916
 12155.000     0.99478
 12155.200     0.98259
 12155.400     0.97544
 12155.600     0.98714
 12155.800     0.99758
 12156.000     0.99980
 12156.200     0.99999
 12156.400     0.99999
 12156.600     0.99983
 12156.800     0.99898
 12157.000     0.99751
 12157.200     0.99695
 12157.400     0.99769
 12157.600     0.99881
 12157.800     0.99916
 12158.000     0.99866
 12158.200     0.99868
 12158.400     0.99944
 12158.600     0.99991
 12158.800     0.99997
 12159.000     0.99992
 12159.200     0.99983
 12159.400     0.99973
 12159.600     0.99962
 12159.800     0.99900
 12160.000     0.99841
 12160.200     0.99911
 12160.400     0.99983
 12160.600     0.99996
 12160.800     0.99988
 12161.000     0.99952
 12161.200     0.99873
 12161.400     0.99829
 12161.600     0.99877
 12161.800     0.99811
 12162.000     0.99079
 12162.200     0.97221
 12162.400     0.96116
 12162.600     0.97680
 12162.800     0.99284
 12163.000     0.99594
 12163.200     0.99358
 12163.400     0.99353
 12163.600     0.99611
 12163.800     0.99858
 12164.000     0.99960
 12164.200     0.99981
 12164.400     0.99942
 12164.600     0.99695
 12164.800     0.99405
 12165.000     0.99551
 12165.200     0.99774
 12165.400     0.99807
 12165.600     0.99885
 12165.800     0.99956
 12166.000     0.99917
 12166.200     0.99785
 12166.400     0.99726
 12166.600     0.99856
 12166.800     0.99878
 12167.000     0.99498
 12167.200     0.99105
 12167.400     0.99319
 12167.600     0.98977
 12167.800     0.98008
 12168.000     0.98080
 12168.200     0.98689
 12168.400     0.97911
 12168.600     0.94395
 12168.800     0.91774
 12169.000     0.94582
 12169.200     0.98357
 12169.400     0.99755
 12169.600     0.99964
 12169.800     0.99963
 12170.000     0.99920
 12170.200     0.99853
 12170.400     0.99769
 12170.600     0.99689
 12170.800     0.99613
 12171.000     0.99562
 12171.200     0.99571
 12171.400     0.99602
 12171.600     0.99528
 12171.800     0.99591
 12172.000     0.99540
 12172.200     0.98999
 12172.400     0.98042
 12172.600     0.97942
 12172.800     0.98998
 12173.000     0.99756
 12173.200     0.99934
 12173.400     0.99911
 12173.600     0.99505
 12173.800     0.98214
 12174.000     0.97332
 12174.200     0.98567
 12174.400     0.99704
 12174.600     0.99829
 12174.800     0.99721
 12175.000     0.99782
 12175.200     0.99521
 12175.400     0.97218
 12175.600     0.92093
 12175.800     0.90112
 12176.000     0.95098
 12176.200     0.99083
 12176.400     0.99817
 12176.600     0.99639
 12176.800     0.99201
 12177.000     0.98965
 12177.200     0.99414
 12177.400     0.99847
 12177.600     0.99930
 12177.800     0.99484
 12178.000     0.96706
 12178.200     0.90667
 12178.400     0.88432
 12178.600     0.94384
 12178.800     0.99034
 12179.000     0.99927
 12179.200     0.99977
 12179.400     0.99982
 12179.600     0.99981
 12179.800     0.99962
 12180.000     0.99917
 12180.200     0.99740
 12180.400     0.99426
 12180.600     0.99381
 12180.800     0.99602
 12181.000     0.99677
 12181.200     0.99706
 12181.400     0.99868
 12181.600     0.99968
 12181.800     0.99962
 12182.000     0.99931
 12182.200     0.99926
 12182.400     0.99950
 12182.600     0.99937
 12182.800     0.99791
 12183.000     0.99543
 12183.200     0.99493
 12183.400     0.99656
 12183.600     0.99645
 12183.800     0.99189
 12184.000     0.97757
 12184.200     0.95512
 12184.400     0.94923
 12184.600     0.96953
 12184.800     0.98903
 12185.000     0.99655
 12185.200     0.99859
 12185.400     0.99916
 12185.600     0.99891
 12185.800     0.99635
 12186.000     0.99250
 12186.200     0.99306
 12186.400     0.99663
 12186.600     0.99687
 12186.800     0.99501
 12187.000     0.99620
 12187.200     0.99851
 12187.400     0.99938
 12187.600     0.99922
 12187.800     0.99876
 12188.000     0.99801
 12188.200     0.99496
 12188.400     0.99123
 12188.600     0.99176
 12188.800     0.98661
 12189.000     0.95109
 12189.200     0.90338
 12189.400     0.90486
 12189.600     0.92084
 12189.800     0.89765
 12190.000     0.83467
 12190.200     0.84423
 12190.400     0.92841
 12190.600     0.97788
 12190.800     0.99089
 12191.000     0.99081
 12191.200     0.97299
 12191.400     0.95225
 12191.600     0.96540
 12191.800     0.98794
 12192.000     0.99702
 12192.200     0.99834
 12192.400     0.99378
 12192.600     0.96963
 12192.800     0.92339
 12193.000     0.90873
 12193.200     0.94682
 12193.400     0.97232
 12193.600     0.97438
 12193.800     0.98667
 12194.000     0.99685
 12194.200     0.99835
 12194.400     0.99844
 12194.600     0.99813
 12194.800     0.99783
 12195.000     0.99840
 12195.200     0.99825
 12195.400     0.99690
 12195.600     0.99618
 12195.800     0.99601
 12196.000     0.99155
 12196.200     0.98051
 12196.400     0.97248
 12196.600     0.97622
 12196.800     0.98037
 12197.000     0.98109
 12197.200     0.98690
 12197.400     0.99285
 12197.600     0.99667
 12197.800     0.99880
 12198.000     0.99940
 12198.200     0.99949
 12198.400     0.99960
 12198.600     0.99972
 12198.800     0.99980
 12199.000     0.99989
 12199.200     0.99979
 12199.400     0.99875
 12199.600     0.99646
 12199.800     0.99469
 12200.000     0.99537
 12200.200     0.99794
 12200.400     0.99953
 12200.600     0.99956
 12200.800     0.99911
 12201.000     0.99921
 12201.200     0.99967
 12201.400     0.99943
 12201.600     0.99679
 12201.800     0.99286
 12202.000     0.99312
 12202.200     0.99627
 12202.400     0.99823
 12202.600     0.99931
 12202.800     0.99985
 12203.000     0.99995
 12203.200     0.99997
 12203.400     0.99991
 12203.600     0.99943
 12203.800     0.99850
 12204.000     0.99831
 12204.200     0.99919
 12204.400     0.99958
 12204.600     0.99771
 12204.800     0.99123
 12205.000     0.98405
 12205.200     0.98399
 12205.400     0.98671
 12205.600     0.98842
 12205.800     0.98286
 12206.000     0.97556
 12206.200     0.98551
 12206.400     0.99652
 12206.600     0.99888
 12206.800     0.99827
 12207.000     0.99753
 12207.200     0.99638
 12207.400     0.99181
 12207.600     0.98432
 12207.800     0.98443
 12208.000     0.99291
 12208.200     0.99846
 12208.400     0.99953
 12208.600     0.99932
 12208.800     0.99836
 12209.000     0.99693
 12209.200     0.99667
 12209.400     0.99755
 12209.600     0.99802
 12209.800     0.99713
 12210.000     0.99541
 12210.200     0.99580
 12210.400     0.99773
 12210.600     0.99884
 12210.800     0.99772
 12211.000     0.99620
 12211.200     0.99743
 12211.400     0.99777
 12211.600     0.99603
 12211.800     0.99491
 12212.000     0.98975
 12212.200     0.97942
 12212.400     0.97999
 12212.600     0.99129
 12212.800     0.99604
 12213.000     0.98323
 12213.200     0.94527
 12213.400     0.92394
 12213.600     0.96136
 12213.800     0.99336
 12214.000     0.99941
 12214.200     0.99983
 12214.400     0.99991
 12214.600     0.99959
 12214.800     0.99833
 12215.000     0.99737
 12215.200     0.99856
 12215.400     0.99913
 12215.600     0.99643
 12215.800     0.99264
 12216.000     0.99296
 12216.200     0.98990
 12216.400     0.96510
 12216.600     0.94183
 12216.800     0.96786
 12217.000     0.99416
 12217.200     0.99918
 12217.400     0.99918
 12217.600     0.99950
 12217.800     0.99984
 12218.000     0.99985
 12218.200     0.99977
 12218.400     0.99967
 12218.600     0.99861
 12218.800     0.99663
 12219.000     0.99591
 12219.200     0.99693
 12219.400     0.99858
 12219.600     0.99883
 12219.800     0.99830
 12220.000     0.99884
 12220.200     0.99901
 12220.400     0.99831
 12220.600     0.99718
 12220.800     0.99598
 12221.000     0.99681
 12221.200     0.99815
 12221.400     0.99906
 12221.600     0.99961
 12221.800     0.99957
 12222.000     0.99896
 12222.200     0.99783
 12222.400     0.99357
 12222.600     0.98042
 12222.800     0.97092
 12223.000     0.98353
 12223.200     0.99464
 12223.400     0.99666
 12223.600     0.99784
 12223.800     0.99844
 12224.000     0.99808
 12224.200     0.99846
 12224.400     0.99919
 12224.600     0.99963
 12224.800     0.99973
 12225.000     0.99946
 12225.200     0.99907
 12225.400     0.99864
 12225.600     0.99349
 12225.800     0.97684
 12226.000     0.96542
 12226.200     0.98114
 12226.400     0.99543
 12226.600     0.99060
 12226.800     0.94426
 12227.000     0.85976
 12227.200     0.84769
 12227.400     0.93201
 12227.600     0.98885
 12227.800     0.99913
 12228.000     0.99966
 12228.200     0.99894
 12228.400     0.99381
 12228.600     0.97816
 12228.800     0.96082
 12229.000     0.95636
 12229.200     0.95452
 12229.400     0.96210
 12229.600     0.98357
 12229.800     0.99695
 12230.000     0.99942
 12230.200     0.99856
 12230.400     0.99719
 12230.600     0.99647
 12230.800     0.99290
 12231.000     0.98886
 12231.200     0.99250
 12231.400     0.99655
 12231.600     0.99747
 12231.800     0.99855
 12232.000     0.99843
 12232.200     0.99182
 12232.400     0.97339
 12232.600     0.96296
 12232.800     0.98048
 12233.000     0.99441
 12233.200     0.99570
 12233.400     0.99561
 12233.600     0.99610
 12233.800     0.99601
 12234.000     0.98855
 12234.200     0.98038
 12234.400     0.98813
 12234.600     0.99685
 12234.800     0.99928
 12235.000     0.99968
 12235.200     0.99953
 12235.400     0.99949
 12235.600     0.99967
 12235.800     0.99981
 12236.000     0.99987
 12236.200     0.99946
 12236.400     0.99682
 12236.600     0.99191
 12236.800     0.98859
 12237.000     0.98937
 12237.200     0.99481
 12237.400     0.99883
 12237.600     0.99980
 12237.800     0.99964
 12238.000     0.99857
 12238.200     0.99764
 12238.400     0.99849
 12238.600     0.99934
 12238.800     0.99965
 12239.000     0.99958
 12239.200     0.99864
 12239.400     0.99773
 12239.600     0.99792
 12239.800     0.99593
 12240.000     0.99247
 12240.200     0.99193
 12240.400     0.99382
 12240.600     0.99729
 12240.800     0.99889
 12241.000     0.99647
 12241.200     0.99336
 12241.400     0.99546
 12241.600     0.99851
 12241.800     0.99894
 12242.000     0.99649
 12242.200     0.98590
 12242.400     0.97375
 12242.600     0.97966
 12242.800     0.99065
 12243.000     0.99690
 12243.200     0.99931
 12243.400     0.99931
 12243.600     0.99769
 12243.800     0.99599
 12244.000     0.99616
 12244.200     0.99482
 12244.400     0.98901
 12244.600     0.96864
 12244.800     0.93632
 12245.000     0.93560
 12245.200     0.97160
 12245.400     0.99493
 12245.600     0.99910
 12245.800     0.99878
 12246.000     0.99510
 12246.200     0.98066
 12246.400     0.96883
 12246.600     0.98270
 12246.800     0.99650
 12247.000     0.99937
 12247.200     0.99958
 12247.400     0.99962
 12247.600     0.99977
 12247.800     0.99984
 12248.000     0.99950
 12248.200     0.99578
 12248.400     0.97819
 12248.600     0.95140
 12248.800     0.95181
 12249.000     0.97814
 12249.200     0.99319
 12249.400     0.99384
 12249.600     0.99423
 12249.800     0.99630
 12250.000     0.99859
 12250.200     0.99974
 12250.400     0.99983
 12250.600     0.99965
 12250.800     0.99947
 12251.000     0.99719
 12251.200     0.98586
 12251.400     0.97436
 12251.600     0.98411
 12251.800     0.99612
 12252.000     0.99930
 12252.200     0.99966
 12252.400     0.99981
 12252.600     0.99984
 12252.800     0.99938
 12253.000     0.99752
 12253.200     0.99494
 12253.400     0.99518
 12253.600     0.99710
 12253.800     0.99751
 12254.000     0.99760
 12254.200     0.99836
 12254.400     0.99895
 12254.600     0.99815
 12254.800     0.99699
 12255.000     0.99780
 12255.200     0.99821
 12255.400     0.99558
 12255.600     0.99090
 12255.800     0.99041
 12256.000     0.99518
 12256.200     0.99879
 12256.400     0.99971
 12256.600     0.99960
 12256.800     0.99872
 12257.000     0.99758
 12257.200     0.99768
 12257.400     0.99885
 12257.600     0.99934
 12257.800     0.99891
 12258.000     0.99851
 12258.200     0.99886
 12258.400     0.99869
 12258.600     0.99760
 12258.800     0.99754
 12259.000     0.99858
 12259.200     0.99947
 12259.400     0.99988
 12259.600     0.99997
 12259.800     0.99989
 12260.000     0.99955
 12260.200     0.99930
 12260.400     0.99956
 12260.600     0.99954
 12260.800     0.99830
 12261.000     0.99671
 12261.200     0.99699
 12261.400     0.99477
 12261.600     0.98163
 12261.800     0.96644
 12262.000     0.96947
 12262.200     0.97921
 12262.400     0.98600
 12262.600     0.99175
 12262.800     0.99659
 12263.000     0.99844
 12263.200     0.99834
 12263.400     0.99888
 12263.600     0.99865
 12263.800     0.99071
 12264.000     0.95525
 12264.200     0.90432
 12264.400     0.90462
 12264.600     0.94967
 12264.800     0.98310
 12265.000     0.99537
 12265.200     0.99742
 12265.400     0.99552
 12265.600     0.99475
 12265.800     0.99620
 12266.000     0.99832
 12266.200     0.99934
 12266.400     0.99880
 12266.600     0.99794
 12266.800     0.99845
 12267.000     0.99939
 12267.200     0.99964
 12267.400     0.99903
 12267.600     0.99669
 12267.800     0.99365
 12268.000     0.99403
 12268.200     0.99600
 12268.400     0.99686
 12268.600     0.99823
 12268.800     0.99916
 12269.000     0.99890
 12269.200     0.99711
 12269.400     0.99520
 12269.600     0.99601
 12269.800     0.99636
 12270.000     0.99130
 12270.200     0.95682
 12270.400     0.82332
 12270.600     0.63366
 12270.800     0.63932
 12271.000     0.83095
 12271.200     0.95606
 12271.400     0.98844
 12271.600     0.99576
 12271.800     0.99658
 12272.000     0.99187
 12272.200     0.98103
 12272.400     0.97723
 12272.600     0.98547
 12272.800     0.97862
 12273.000     0.96483
 12273.200     0.97872
 12273.400     0.99434
 12273.600     0.99805
 12273.800     0.99910
 12274.000     0.99897
 12274.200     0.99538
 12274.400     0.99179
 12274.600     0.99523
 12274.800     0.99875
 12275.000     0.99935
 12275.200     0.99962
 12275.400     0.99960
 12275.600     0.99932
 12275.800     0.99916
 12276.000     0.99800
 12276.200     0.99647
 12276.400     0.99691
 12276.600     0.99802
 12276.800     0.99822
 12277.000     0.99800
 12277.200     0.99739
 12277.400     0.99586
 12277.600     0.99065
 12277.800     0.98222
 12278.000     0.97964
 12278.200     0.98996
 12278.400     0.99794
 12278.600     0.99903
 12278.800     0.99735
 12279.000     0.99567
 12279.200     0.99561
 12279.400     0.99500
 12279.600     0.99627
 12279.800     0.99797
 12280.000     0.99827
 12280.200     0.99813
 12280.400     0.99454
 12280.600     0.98847
 12280.800     0.98897
 12281.000     0.99466
 12281.200     0.99525
 12281.400     0.99273
 12281.600     0.99481
 12281.800     0.99459
 12282.000     0.98729
 12282.200     0.98394
 12282.400     0.99207
 12282.600     0.99841
 12282.800     0.99682
 12283.000     0.98101
 12283.200     0.95543
 12283.400     0.95571
 12283.600     0.98100
 12283.800     0.99632
 12284.000     0.99902
 12284.200     0.99765
 12284.400     0.98848
 12284.600     0.97891
 12284.800     0.98681
 12285.000     0.99673
 12285.200     0.99944
 12285.400     0.99975
 12285.600     0.99972
 12285.800     0.99960
 12286.000     0.99935
 12286.200     0.99883
 12286.400     0.99807
 12286.600     0.99558
 12286.800     0.99017
 12287.000     0.98763
 12287.200     0.99206
 12287.400     0.99645
 12287.600     0.99781
 12287.800     0.99712
 12288.000     0.99348
 12288.200     0.99036
 12288.400     0.99300
 12288.600     0.99276
 12288.800     0.98113
 12289.000     0.96439
 12289.200     0.96395
 12289.400     0.97900
 12289.600     0.98972
 12289.800     0.99438
 12290.000     0.99662
 12290.200     0.99736
 12290.400     0.99782
 12290.600     0.99816
 12290.800     0.99819
 12291.000     0.99378
 12291.200     0.97948
 12291.400     0.96308
 12291.600     0.96560
 12291.800     0.98531
 12292.000     0.99719
 12292.200     0.99889
 12292.400     0.99784
 12292.600     0.99679
 12292.800     0.99737
 12293.000     0.99772
 12293.200     0.99594
 12293.400     0.99220
 12293.600     0.99137
 12293.800     0.99586
 12294.000     0.99908
 12294.200     0.99960
 12294.400     0.99949
 12294.600     0.99885
 12294.800     0.99490
 12295.000     0.99030
 12295.200     0.99272
 12295.400     0.99642
 12295.600     0.99797
 12295.800     0.99868
 12296.000     0.99882
 12296.200     0.99883
 12296.400     0.99925
 12296.600     0.99844
 12296.800     0.98866
 12297.000     0.94884
 12297.200     0.91284
 12297.400     0.94904
 12297.600     0.98844
 12297.800     0.99821
 12298.000     0.99903
 12298.200     0.99829
 12298.400     0.99779
 12298.600     0.99765
 12298.800     0.99750
 12299.000     0.99735
 12299.200     0.99819
 12299.400     0.99666
 12299.600     0.99111
 12299.800     0.98868
 12300.000     0.99142
 12300.200     0.98382
 12300.400     0.97419
 12300.600     0.98509
 12300.800     0.99369
 12301.000     0.98960
 12301.200     0.98602
 12301.400     0.98605
 12301.600     0.98130
 12301.800     0.98128
 12302.000     0.99007
 12302.200     0.99416
 12302.400     0.99499
 12302.600     0.99771
 12302.800     0.99940
 12303.000     0.99969
 12303.200     0.99984
 12303.400     0.99994
 12303.600     0.99997
 12303.800     0.99996
 12304.000     0.99987
 12304.200     0.99961
 12304.400     0.99916
 12304.600     0.99880
 12304.800     0.99843
 12305.000     0.99803
 12305.200     0.99849
 12305.400     0.99907
 12305.600     0.99917
 12305.800     0.99934
 12306.000     0.99954
 12306.200     0.99942
 12306.400     0.99889
 12306.600     0.99860
 12306.800     0.99914
 12307.000     0.99943
 12307.200     0.99948
 12307.400     0.99974
 12307.600     0.99994
 12307.800     0.99993
 12308.000     0.99972
 12308.200     0.99954
 12308.400     0.99975
 12308.600     0.99988
 12308.800     0.99925
 12309.000     0.99678
 12309.200     0.99454
 12309.400     0.99646
 12309.600     0.99900
 12309.800     0.99977
 12310.000     0.99957
 12310.200     0.99885
 12310.400     0.99788
 12310.600     0.99726
 12310.800     0.99788
 12311.000     0.99748
 12311.200     0.98928
 12311.400     0.97714
 12311.600     0.98002
 12311.800     0.99182
 12312.000     0.99527
 12312.200     0.99225
 12312.400     0.99013
 12312.600     0.98322
 12312.800     0.97700
 12313.000     0.98549
 12313.200     0.99396
 12313.400     0.99430
 12313.600     0.98710
 12313.800     0.95736
 12314.000     0.92392
 12314.200     0.93910
 12314.400     0.97691
 12314.600     0.99426
 12314.800     0.99719
 12315.000     0.99861
 12315.200     0.99949
 12315.400     0.99944
 12315.600     0.99915
 12315.800     0.99916
 12316.000     0.99939
 12316.200     0.99858
 12316.400     0.99545
 12316.600     0.99322
 12316.800     0.99582
 12317.000     0.99793
 12317.200     0.99740
 12317.400     0.99660
 12317.600     0.99743
 12317.800     0.99822
 12318.000     0.99909
 12318.200     0.99974
 12318.400     0.99991
 12318.600     0.99960
 12318.800     0.99766
 12319.000     0.99493
 12319.200     0.99539
 12319.400     0.99721
 12319.600     1.00000
 12319.800     1.00000
 12320.000     1.00000
