the number of points per synthesis =   1001
start =  10480.000     stop =  10680.000     step =      0.200
 10480.000     1.00000
 10480.200     1.00000
 10480.400     1.00000
 10480.600     0.99898
 10480.800     0.99881
 10481.000     0.99791
 10481.200     0.99781
 10481.400     0.99792
 10481.600     0.99914
 10481.800     0.99990
 10482.000     0.99997
 10482.200     0.99986
 10482.400     0.99956
 10482.600     0.99923
 10482.800     0.99926
 10483.000     0.99943
 10483.200     0.99958
 10483.400     0.99840
 10483.600     0.99685
 10483.800     0.99845
 10484.000     0.99975
 10484.200     0.99997
 10484.400     1.00000
 10484.600     1.00000
 10484.800     0.99998
 10485.000     0.99995
 10485.200     0.99998
 10485.400     0.99999
 10485.600     0.99983
 10485.800     0.99428
 10486.000     0.94396
 10486.200     0.87269
 10486.400     0.92510
 10486.600     0.98146
 10486.800     0.99476
 10487.000     0.99499
 10487.200     0.99762
 10487.400     0.99965
 10487.600     0.99996
 10487.800     0.99997
 10488.000     0.99964
 10488.200     0.99702
 10488.400     0.99208
 10488.600     0.99260
 10488.800     0.99707
 10489.000     0.99911
 10489.200     0.99879
 10489.400     0.99805
 10489.600     0.99898
 10489.800     0.99822
 10490.000     0.99127
 10490.200     0.98414
 10490.400     0.99071
 10490.600     0.99194
 10490.800     0.97861
 10491.000     0.96323
 10491.200     0.98367
 10491.400     0.99835
 10491.600     0.99989
 10491.800     0.99984
 10492.000     0.99941
 10492.200     0.99779
 10492.400     0.99613
 10492.600     0.99729
 10492.800     0.99912
 10493.000     0.99894
 10493.200     0.99799
 10493.400     0.99905
 10493.600     0.99987
 10493.800     0.99995
 10494.000     0.99997
 10494.200     0.99997
 10494.400     0.99995
 10494.600     0.99982
 10494.800     0.99859
 10495.000     0.99695
 10495.200     0.99828
 10495.400     0.99913
 10495.600     0.99735
 10495.800     0.97618
 10496.000     0.91968
 10496.200     0.89974
 10496.400     0.96029
 10496.600     0.99502
 10496.800     0.99890
 10497.000     0.99579
 10497.200     0.99128
 10497.400     0.99596
 10497.600     0.99954
 10497.800     0.99997
 10498.000     0.99998
 10498.200     0.99980
 10498.400     0.99926
 10498.600     0.99890
 10498.800     0.99878
 10499.000     0.99800
 10499.200     0.99827
 10499.400     0.99894
 10499.600     0.99958
 10499.800     0.99947
 10500.000     0.99836
 10500.200     0.99768
 10500.400     0.99827
 10500.600     0.99897
 10500.800     0.99925
 10501.000     0.99526
 10501.200     0.96002
 10501.400     0.88847
 10501.600     0.88517
 10501.800     0.95140
 10502.000     0.97968
 10502.200     0.99000
 10502.400     0.99766
 10502.600     0.99919
 10502.800     0.99616
 10503.000     0.99161
 10503.200     0.99444
 10503.400     0.99829
 10503.600     0.99930
 10503.800     0.99947
 10504.000     0.99796
 10504.200     0.99595
 10504.400     0.99746
 10504.600     0.99831
 10504.800     0.99904
 10505.000     0.99737
 10505.200     0.99364
 10505.400     0.99399
 10505.600     0.99186
 10505.800     0.98414
 10506.000     0.98128
 10506.200     0.98959
 10506.400     0.99177
 10506.600     0.98787
 10506.800     0.99199
 10507.000     0.99409
 10507.200     0.99722
 10507.400     0.99948
 10507.600     0.99937
 10507.800     0.99838
 10508.000     0.99837
 10508.200     0.99927
 10508.400     0.99957
 10508.600     0.99954
 10508.800     0.99950
 10509.000     0.99961
 10509.200     0.99972
 10509.400     0.99860
 10509.600     0.98785
 10509.800     0.95269
 10510.000     0.92931
 10510.200     0.96961
 10510.400     0.99350
 10510.600     0.99320
 10510.800     0.99647
 10511.000     0.99913
 10511.200     0.99588
 10511.400     0.96593
 10511.600     0.92850
 10511.800     0.96605
 10512.000     0.99595
 10512.200     0.99947
 10512.400     0.99843
 10512.600     0.99733
 10512.800     0.99878
 10513.000     0.99936
 10513.200     0.99768
 10513.400     0.99469
 10513.600     0.98863
 10513.800     0.98211
 10514.000     0.99094
 10514.200     0.99712
 10514.400     0.99679
 10514.600     0.99848
 10514.800     0.99977
 10515.000     0.99997
 10515.200     0.99997
 10515.400     0.99994
 10515.600     0.99988
 10515.800     0.99944
 10516.000     0.99740
 10516.200     0.99518
 10516.400     0.99763
 10516.600     0.99945
 10516.800     0.99970
 10517.000     0.99832
 10517.200     0.98752
 10517.400     0.96339
 10517.600     0.95781
 10517.800     0.98390
 10518.000     0.99808
 10518.200     0.99900
 10518.400     0.99814
 10518.600     0.99425
 10518.800     0.98887
 10519.000     0.99387
 10519.200     0.99885
 10519.400     0.99991
 10519.600     0.99999
 10519.800     0.99995
 10520.000     0.99987
 10520.200     0.99955
 10520.400     0.99768
 10520.600     0.99568
 10520.800     0.99732
 10521.000     0.99661
 10521.200     0.98262
 10521.400     0.95686
 10521.600     0.96132
 10521.800     0.98546
 10522.000     0.99729
 10522.200     0.99899
 10522.400     0.99865
 10522.600     0.99788
 10522.800     0.99901
 10523.000     0.99868
 10523.200     0.98844
 10523.400     0.97517
 10523.600     0.98860
 10523.800     0.99886
 10524.000     0.99986
 10524.200     0.99968
 10524.400     0.99944
 10524.600     0.99939
 10524.800     0.99674
 10525.000     0.97890
 10525.200     0.95739
 10525.400     0.97663
 10525.600     0.99569
 10525.800     0.99954
 10526.000     0.99853
 10526.200     0.99651
 10526.400     0.99672
 10526.600     0.99594
 10526.800     0.99371
 10527.000     0.99015
 10527.200     0.99372
 10527.400     0.99843
 10527.600     0.99973
 10527.800     0.99942
 10528.000     0.99709
 10528.200     0.99461
 10528.400     0.99749
 10528.600     0.99968
 10528.800     0.99991
 10529.000     0.99838
 10529.200     0.98103
 10529.400     0.93111
 10529.600     0.90799
 10529.800     0.96314
 10530.000     0.99495
 10530.200     0.98265
 10530.400     0.93965
 10530.600     0.92208
 10530.800     0.96854
 10531.000     0.99660
 10531.200     0.99978
 10531.400     0.99968
 10531.600     0.99851
 10531.800     0.98753
 10532.000     0.89421
 10532.200     0.76350
 10532.400     0.87007
 10532.600     0.97685
 10532.800     0.99718
 10533.000     0.99890
 10533.200     0.99900
 10533.400     0.99560
 10533.600     0.99030
 10533.800     0.99142
 10534.000     0.99200
 10534.200     0.99095
 10534.400     0.99408
 10534.600     0.99830
 10534.800     0.99981
 10535.000     0.99988
 10535.200     0.99823
 10535.400     0.98200
 10535.600     0.94272
 10535.800     0.93030
 10536.000     0.96758
 10536.200     0.99395
 10536.400     0.99903
 10536.600     0.99928
 10536.800     0.99964
 10537.000     0.99992
 10537.200     0.99990
 10537.400     0.99973
 10537.600     0.99973
 10537.800     0.99932
 10538.000     0.99570
 10538.200     0.99147
 10538.400     0.99603
 10538.600     0.99939
 10538.800     0.99974
 10539.000     0.99977
 10539.200     0.99864
 10539.400     0.99337
 10539.600     0.98839
 10539.800     0.99451
 10540.000     0.99917
 10540.200     0.99987
 10540.400     0.99994
 10540.600     0.99964
 10540.800     0.99493
 10541.000     0.96560
 10541.200     0.92734
 10541.400     0.95465
 10541.600     0.98910
 10541.800     0.99515
 10542.000     0.99196
 10542.200     0.99632
 10542.400     0.99957
 10542.600     0.99980
 10542.800     0.99845
 10543.000     0.99628
 10543.200     0.99692
 10543.400     0.99570
 10543.600     0.99250
 10543.800     0.99658
 10544.000     0.99965
 10544.200     0.99997
 10544.400     0.99991
 10544.600     0.99955
 10544.800     0.99889
 10545.000     0.99903
 10545.200     0.99939
 10545.400     0.99952
 10545.600     0.99978
 10545.800     0.99993
 10546.000     0.99958
 10546.200     0.99612
 10546.400     0.99110
 10546.600     0.99481
 10546.800     0.99899
 10547.000     0.99993
 10547.200     0.99999
 10547.400     0.99989
 10547.600     0.99975
 10547.800     0.99986
 10548.000     0.99989
 10548.200     0.99983
 10548.400     0.99985
 10548.600     0.99995
 10548.800     0.99995
 10549.000     0.99987
 10549.200     0.99967
 10549.400     0.99791
 10549.600     0.99530
 10549.800     0.99645
 10550.000     0.99729
 10550.200     0.99782
 10550.400     0.99910
 10550.600     0.99948
 10550.800     0.99879
 10551.000     0.99794
 10551.200     0.99904
 10551.400     0.99967
 10551.600     0.99834
 10551.800     0.99665
 10552.000     0.99848
 10552.200     0.99985
 10552.400     0.99995
 10552.600     0.99908
 10552.800     0.99214
 10553.000     0.98316
 10553.200     0.99164
 10553.400     0.99888
 10553.600     0.99994
 10553.800     0.99996
 10554.000     0.99981
 10554.200     0.99965
 10554.400     0.99974
 10554.600     0.99936
 10554.800     0.99848
 10555.000     0.99839
 10555.200     0.99604
 10555.400     0.97011
 10555.600     0.93431
 10555.800     0.96635
 10556.000     0.99507
 10556.200     0.99965
 10556.400     0.99987
 10556.600     0.99960
 10556.800     0.99925
 10557.000     0.99950
 10557.200     0.99860
 10557.400     0.99437
 10557.600     0.99111
 10557.800     0.99306
 10558.000     0.97938
 10558.200     0.94624
 10558.400     0.94051
 10558.600     0.97376
 10558.800     0.99018
 10559.000     0.99481
 10559.200     0.99778
 10559.400     0.99827
 10559.600     0.99922
 10559.800     0.99989
 10560.000     0.99991
 10560.200     0.99930
 10560.400     0.99802
 10560.600     0.99703
 10560.800     0.99649
 10561.000     0.99788
 10561.200     0.99914
 10561.400     0.99910
 10561.600     0.99928
 10561.800     0.99966
 10562.000     0.99982
 10562.200     0.99979
 10562.400     0.99945
 10562.600     0.99931
 10562.800     0.99970
 10563.000     0.99973
 10563.200     0.99926
 10563.400     0.99861
 10563.600     0.99823
 10563.800     0.99872
 10564.000     0.99956
 10564.200     0.99987
 10564.400     0.99991
 10564.600     0.99913
 10564.800     0.99329
 10565.000     0.98602
 10565.200     0.98985
 10565.400     0.99076
 10565.600     0.99493
 10565.800     0.99221
 10566.000     0.98535
 10566.200     0.99304
 10566.400     0.99912
 10566.600     0.99994
 10566.800     0.99995
 10567.000     0.99987
 10567.200     0.99971
 10567.400     0.99798
 10567.600     0.99546
 10567.800     0.99682
 10568.000     0.99621
 10568.200     0.99465
 10568.400     0.99746
 10568.600     0.99682
 10568.800     0.99346
 10569.000     0.99673
 10569.200     0.99923
 10569.400     0.99762
 10569.600     0.99451
 10569.800     0.99408
 10570.000     0.99163
 10570.200     0.99361
 10570.400     0.99761
 10570.600     0.99872
 10570.800     0.99940
 10571.000     0.99888
 10571.200     0.99656
 10571.400     0.99600
 10571.600     0.99840
 10571.800     0.99912
 10572.000     0.99392
 10572.200     0.98543
 10572.400     0.98915
 10572.600     0.99403
 10572.800     0.99339
 10573.000     0.99632
 10573.200     0.99898
 10573.400     0.99961
 10573.600     0.99853
 10573.800     0.99003
 10574.000     0.97663
 10574.200     0.98158
 10574.400     0.99442
 10574.600     0.99905
 10574.800     0.99649
 10575.000     0.99245
 10575.200     0.99630
 10575.400     0.99932
 10575.600     0.99952
 10575.800     0.99952
 10576.000     0.99926
 10576.200     0.99931
 10576.400     0.99967
 10576.600     0.99929
 10576.800     0.99216
 10577.000     0.95537
 10577.200     0.91897
 10577.400     0.96358
 10577.600     0.99494
 10577.800     0.99876
 10578.000     0.99933
 10578.200     0.99778
 10578.400     0.99534
 10578.600     0.99770
 10578.800     0.99959
 10579.000     0.99934
 10579.200     0.99624
 10579.400     0.99291
 10579.600     0.99670
 10579.800     0.99920
 10580.000     0.99838
 10580.200     0.99721
 10580.400     0.99844
 10580.600     0.99873
 10580.800     0.99809
 10581.000     0.99816
 10581.200     0.98853
 10581.400     0.93012
 10581.600     0.86620
 10581.800     0.92904
 10582.000     0.93498
 10582.200     0.89230
 10582.400     0.95012
 10582.600     0.99197
 10582.800     0.99811
 10583.000     0.99894
 10583.200     0.99700
 10583.400     0.99420
 10583.600     0.99416
 10583.800     0.97701
 10584.000     0.95221
 10584.200     0.96911
 10584.400     0.93270
 10584.600     0.84305
 10584.800     0.78023
 10585.000     0.59391
 10585.200     0.57053
 10585.400     0.80410
 10585.600     0.95445
 10585.800     0.98634
 10586.000     0.99193
 10586.200     0.99570
 10586.400     0.99769
 10586.600     0.99810
 10586.800     0.99805
 10587.000     0.99863
 10587.200     0.99914
 10587.400     0.99938
 10587.600     0.99960
 10587.800     0.99987
 10588.000     0.99999
 10588.200     1.00000
 10588.400     1.00000
 10588.600     1.00000
 10588.800     1.00000
 10589.000     1.00000
 10589.200     0.99994
 10589.400     0.99939
 10589.600     0.99848
 10589.800     0.99877
 10590.000     0.99933
 10590.200     0.99967
 10590.400     0.99906
 10590.600     0.99816
 10590.800     0.99917
 10591.000     0.99987
 10591.200     0.99985
 10591.400     0.99985
 10591.600     0.99995
 10591.800     0.99994
 10592.000     0.99982
 10592.200     0.99969
 10592.400     0.99967
 10592.600     0.99962
 10592.800     0.99756
 10593.000     0.99472
 10593.200     0.99704
 10593.400     0.99753
 10593.600     0.99593
 10593.800     0.99697
 10594.000     0.99895
 10594.200     0.99958
 10594.400     0.99979
 10594.600     0.99978
 10594.800     0.99958
 10595.000     0.99977
 10595.200     0.99996
 10595.400     1.00000
 10595.600     1.00000
 10595.800     0.99997
 10596.000     0.99990
 10596.200     0.99983
 10596.400     0.99880
 10596.600     0.98787
 10596.800     0.96409
 10597.000     0.96239
 10597.200     0.98641
 10597.400     0.99775
 10597.600     0.99285
 10597.800     0.98528
 10598.000     0.99304
 10598.200     0.99908
 10598.400     0.99975
 10598.600     0.99991
 10598.800     0.99999
 10599.000     0.99997
 10599.200     0.99990
 10599.400     0.99988
 10599.600     0.99995
 10599.800     1.00000
 10600.000     1.00000
 10600.200     0.99997
 10600.400     0.99985
 10600.600     0.99970
 10600.800     0.99962
 10601.000     0.99906
 10601.200     0.99790
 10601.400     0.99760
 10601.600     0.99655
 10601.800     0.99379
 10602.000     0.99430
 10602.200     0.99677
 10602.400     0.98779
 10602.600     0.90892
 10602.800     0.80170
 10603.000     0.84604
 10603.200     0.76405
 10603.400     0.58870
 10603.600     0.66931
 10603.800     0.88864
 10604.000     0.98047
 10604.200     0.99453
 10604.400     0.99786
 10604.600     0.99863
 10604.800     0.99687
 10605.000     0.98144
 10605.200     0.96296
 10605.400     0.98299
 10605.600     0.99802
 10605.800     0.99964
 10606.000     0.99980
 10606.200     0.99995
 10606.400     1.00000
 10606.600     1.00000
 10606.800     1.00000
 10607.000     1.00000
 10607.200     0.99982
 10607.400     0.99778
 10607.600     0.99144
 10607.800     0.98795
 10608.000     0.99510
 10608.200     0.99954
 10608.400     0.99996
 10608.600     0.99958
 10608.800     0.99772
 10609.000     0.99560
 10609.200     0.99473
 10609.400     0.99200
 10609.600     0.99209
 10609.800     0.99005
 10610.000     0.99541
 10610.200     0.99945
 10610.400     0.99979
 10610.600     0.99955
 10610.800     0.99947
 10611.000     0.99874
 10611.200     0.99325
 10611.400     0.95823
 10611.600     0.90349
 10611.800     0.92399
 10612.000     0.97755
 10612.200     0.99779
 10612.400     0.99951
 10612.600     0.99976
 10612.800     0.99992
 10613.000     0.99976
 10613.200     0.99955
 10613.400     0.99970
 10613.600     0.99981
 10613.800     0.99986
 10614.000     0.99964
 10614.200     0.99941
 10614.400     0.99974
 10614.600     0.99998
 10614.800     1.00000
 10615.000     1.00000
 10615.200     0.99998
 10615.400     0.99995
 10615.600     0.99998
 10615.800     1.00000
 10616.000     0.99998
 10616.200     0.99902
 10616.400     0.98807
 10616.600     0.95266
 10616.800     0.93139
 10617.000     0.97099
 10617.200     0.99365
 10617.400     0.99119
 10617.600     0.97645
 10617.800     0.95133
 10618.000     0.96733
 10618.200     0.99158
 10618.400     0.99846
 10618.600     0.99922
 10618.800     0.99960
 10619.000     0.99982
 10619.200     0.99981
 10619.400     0.99979
 10619.600     0.99974
 10619.800     0.99967
 10620.000     0.99838
 10620.200     0.99653
 10620.400     0.99791
 10620.600     0.99883
 10620.800     0.99821
 10621.000     0.99829
 10621.200     0.99772
 10621.400     0.99321
 10621.600     0.98296
 10621.800     0.97818
 10622.000     0.98913
 10622.200     0.99529
 10622.400     0.98085
 10622.600     0.96050
 10622.800     0.98144
 10623.000     0.99718
 10623.200     0.99875
 10623.400     0.99939
 10623.600     0.99974
 10623.800     0.99908
 10624.000     0.99805
 10624.200     0.99888
 10624.400     0.99978
 10624.600     0.99998
 10624.800     1.00000
 10625.000     1.00000
 10625.200     1.00000
 10625.400     0.99997
 10625.600     0.99984
 10625.800     0.99973
 10626.000     0.99987
 10626.200     0.99980
 10626.400     0.99943
 10626.600     0.99839
 10626.800     0.99700
 10627.000     0.99826
 10627.200     0.99081
 10627.400     0.91268
 10627.600     0.79095
 10627.800     0.85583
 10628.000     0.96339
 10628.200     0.99678
 10628.400     0.99980
 10628.600     0.99986
 10628.800     0.99955
 10629.000     0.99908
 10629.200     0.99938
 10629.400     0.99975
 10629.600     0.99985
 10629.800     0.99985
 10630.000     0.99987
 10630.200     0.99982
 10630.400     0.99969
 10630.600     0.99944
 10630.800     0.99799
 10631.000     0.99488
 10631.200     0.99302
 10631.400     0.99354
 10631.600     0.99537
 10631.800     0.99762
 10632.000     0.99436
 10632.200     0.98686
 10632.400     0.98987
 10632.600     0.99262
 10632.800     0.95629
 10633.000     0.88704
 10633.200     0.90451
 10633.400     0.96977
 10633.600     0.99684
 10633.800     0.99978
 10634.000     0.99990
 10634.200     0.99990
 10634.400     0.99987
 10634.600     0.99960
 10634.800     0.99926
 10635.000     0.99963
 10635.200     0.99995
 10635.400     0.99999
 10635.600     0.99994
 10635.800     0.99972
 10636.000     0.99877
 10636.200     0.99726
 10636.400     0.99661
 10636.600     0.99558
 10636.800     0.99620
 10637.000     0.99812
 10637.200     0.99924
 10637.400     0.99920
 10637.600     0.99879
 10637.800     0.99898
 10638.000     0.99556
 10638.200     0.99058
 10638.400     0.99536
 10638.600     0.99802
 10638.800     0.99635
 10639.000     0.99727
 10639.200     0.99914
 10639.400     0.99954
 10639.600     0.99875
 10639.800     0.99836
 10640.000     0.99907
 10640.200     0.99926
 10640.400     0.99912
 10640.600     0.99855
 10640.800     0.99847
 10641.000     0.99889
 10641.200     0.99927
 10641.400     0.99871
 10641.600     0.99326
 10641.800     0.98703
 10642.000     0.99316
 10642.200     0.99785
 10642.400     0.99432
 10642.600     0.98800
 10642.800     0.99365
 10643.000     0.99880
 10643.200     0.99947
 10643.400     0.99974
 10643.600     0.99985
 10643.800     0.99941
 10644.000     0.99896
 10644.200     0.99951
 10644.400     0.99993
 10644.600     0.99997
 10644.800     0.99995
 10645.000     0.99998
 10645.200     0.99994
 10645.400     0.99942
 10645.600     0.99853
 10645.800     0.99883
 10646.000     0.99913
 10646.200     0.99533
 10646.400     0.99016
 10646.600     0.99512
 10646.800     0.99932
 10647.000     0.99979
 10647.200     0.99701
 10647.400     0.97689
 10647.600     0.95248
 10647.800     0.97667
 10648.000     0.99386
 10648.200     0.99272
 10648.400     0.99465
 10648.600     0.99378
 10648.800     0.99281
 10649.000     0.99537
 10649.200     0.99012
 10649.400     0.98244
 10649.600     0.99219
 10649.800     0.99917
 10650.000     0.99922
 10650.200     0.99665
 10650.400     0.99474
 10650.600     0.99760
 10650.800     0.99933
 10651.000     0.99953
 10651.200     0.99977
 10651.400     0.99980
 10651.600     0.99900
 10651.800     0.99788
 10652.000     0.99841
 10652.200     0.99854
 10652.400     0.99899
 10652.600     0.99901
 10652.800     0.99838
 10653.000     0.99711
 10653.200     0.99787
 10653.400     0.99937
 10653.600     0.99993
 10653.800     0.99996
 10654.000     0.99963
 10654.200     0.99870
 10654.400     0.99737
 10654.600     0.99625
 10654.800     0.99727
 10655.000     0.99821
 10655.200     0.99738
 10655.400     0.99313
 10655.600     0.98634
 10655.800     0.99228
 10656.000     0.99575
 10656.200     0.99342
 10656.400     0.99679
 10656.600     0.99941
 10656.800     0.99941
 10657.000     0.99921
 10657.200     0.99944
 10657.400     0.99942
 10657.600     0.99975
 10657.800     0.99998
 10658.000     0.99999
 10658.200     0.99987
 10658.400     0.99938
 10658.600     0.99888
 10658.800     0.99893
 10659.000     0.99836
 10659.200     0.99800
 10659.400     0.99867
 10659.600     0.99891
 10659.800     0.99817
 10660.000     0.99352
 10660.200     0.98661
 10660.400     0.97943
 10660.600     0.88584
 10660.800     0.65987
 10661.000     0.58182
 10661.200     0.76830
 10661.400     0.88981
 10661.600     0.87472
 10661.800     0.93550
 10662.000     0.98803
 10662.200     0.99775
 10662.400     0.99891
 10662.600     0.99928
 10662.800     0.99929
 10663.000     0.99787
 10663.200     0.99539
 10663.400     0.99625
 10663.600     0.99833
 10663.800     0.99944
 10664.000     0.99987
 10664.200     0.99988
 10664.400     0.99975
 10664.600     0.99985
 10664.800     0.99978
 10665.000     0.99963
 10665.200     0.99984
 10665.400     0.99993
 10665.600     0.99942
 10665.800     0.99871
 10666.000     0.99932
 10666.200     0.99956
 10666.400     0.99646
 10666.600     0.98804
 10666.800     0.98475
 10667.000     0.99187
 10667.200     0.97790
 10667.400     0.94269
 10667.600     0.94919
 10667.800     0.98361
 10668.000     0.99831
 10668.200     0.99964
 10668.400     0.99840
 10668.600     0.98799
 10668.800     0.97527
 10669.000     0.98864
 10669.200     0.99877
 10669.400     0.99993
 10669.600     1.00000
 10669.800     1.00000
 10670.000     1.00000
 10670.200     0.99998
 10670.400     0.99993
 10670.600     0.99897
 10670.800     0.98982
 10671.000     0.97775
 10671.200     0.98867
 10671.400     0.99692
 10671.600     0.99834
 10671.800     0.99211
 10672.000     0.96353
 10672.200     0.93930
 10672.400     0.97379
 10672.600     0.99745
 10672.800     0.99992
 10673.000     0.99995
 10673.200     0.99995
 10673.400     0.99963
 10673.600     0.99716
 10673.800     0.97918
 10674.000     0.95296
 10674.200     0.97007
 10674.400     0.99086
 10674.600     0.99679
 10674.800     0.99868
 10675.000     0.99962
 10675.200     0.99965
 10675.400     0.99775
 10675.600     0.99314
 10675.800     0.99079
 10676.000     0.99371
 10676.200     0.99779
 10676.400     0.99952
 10676.600     0.99855
 10676.800     0.98670
 10677.000     0.97068
 10677.200     0.98523
 10677.400     0.99797
 10677.600     0.99990
 10677.800     0.99997
 10678.000     0.99990
 10678.200     0.99988
 10678.400     0.99995
 10678.600     1.00000
 10678.800     1.00000
 10679.000     0.99994
 10679.200     0.99976
 10679.400     0.99964
 10679.600     1.00000
 10679.800     1.00000
 10680.000     1.00000
