the number of points per synthesis =   1501
start =  12600.000     stop =  12900.000     step =      0.200
 12600.000     1.00000
 12600.200     1.00000
 12600.400     1.00000
 12600.600     0.99630
 12600.800     0.99559
 12601.000     0.97408
 12601.200     0.90840
 12601.400     0.83551
 12601.600     0.85044
 12601.800     0.93071
 12602.000     0.98153
 12602.200     0.99522
 12602.400     0.99860
 12602.600     0.99960
 12602.800     0.99969
 12603.000     0.99925
 12603.200     0.99809
 12603.400     0.99621
 12603.600     0.99190
 12603.800     0.98695
 12604.000     0.98967
 12604.200     0.99618
 12604.400     0.99935
 12604.600     0.99991
 12604.800     0.99991
 12605.000     0.99972
 12605.200     0.99938
 12605.400     0.99883
 12605.600     0.99766
 12605.800     0.99682
 12606.000     0.99594
 12606.200     0.98805
 12606.400     0.97849
 12606.600     0.98390
 12606.800     0.99461
 12607.000     0.99915
 12607.200     0.99992
 12607.400     0.99993
 12607.600     0.99966
 12607.800     0.99938
 12608.000     0.99937
 12608.200     0.99858
 12608.400     0.99647
 12608.600     0.99546
 12608.800     0.99683
 12609.000     0.99747
 12609.200     0.99741
 12609.400     0.99839
 12609.600     0.99908
 12609.800     0.99851
 12610.000     0.99683
 12610.200     0.99543
 12610.400     0.99401
 12610.600     0.98380
 12610.800     0.96066
 12611.000     0.94971
 12611.200     0.96924
 12611.400     0.98790
 12611.600     0.99514
 12611.800     0.99816
 12612.000     0.99911
 12612.200     0.99934
 12612.400     0.99944
 12612.600     0.99947
 12612.800     0.99920
 12613.000     0.99700
 12613.200     0.98922
 12613.400     0.97862
 12613.600     0.95556
 12613.800     0.87706
 12614.000     0.77889
 12614.200     0.78468
 12614.400     0.88863
 12614.600     0.96887
 12614.800     0.99444
 12615.000     0.99879
 12615.200     0.99889
 12615.400     0.99277
 12615.600     0.96008
 12615.800     0.89474
 12616.000     0.87243
 12616.200     0.93386
 12616.400     0.98447
 12616.600     0.99711
 12616.800     0.99946
 12617.000     0.99984
 12617.200     0.99981
 12617.400     0.99986
 12617.600     0.99995
 12617.800     0.99994
 12618.000     0.99969
 12618.200     0.99933
 12618.400     0.99933
 12618.600     0.99948
 12618.800     0.99910
 12619.000     0.99855
 12619.200     0.99720
 12619.400     0.99131
 12619.600     0.98643
 12619.800     0.99205
 12620.000     0.99826
 12620.200     0.99983
 12620.400     0.99999
 12620.600     1.00000
 12620.800     1.00000
 12621.000     0.99997
 12621.200     0.99977
 12621.400     0.99904
 12621.600     0.99823
 12621.800     0.99822
 12622.000     0.99844
 12622.200     0.99881
 12622.400     0.99948
 12622.600     0.99987
 12622.800     0.99993
 12623.000     0.99964
 12623.200     0.99772
 12623.400     0.99228
 12623.600     0.98838
 12623.800     0.99144
 12624.000     0.99371
 12624.200     0.99404
 12624.400     0.99549
 12624.600     0.99787
 12624.800     0.99928
 12625.000     0.99966
 12625.200     0.99931
 12625.400     0.99743
 12625.600     0.99422
 12625.800     0.99339
 12626.000     0.99643
 12626.200     0.99880
 12626.400     0.99918
 12626.600     0.99781
 12626.800     0.99632
 12627.000     0.99683
 12627.200     0.98889
 12627.400     0.94659
 12627.600     0.89224
 12627.800     0.90627
 12628.000     0.96251
 12628.200     0.99237
 12628.400     0.99742
 12628.600     0.99741
 12628.800     0.99778
 12629.000     0.99866
 12629.200     0.99873
 12629.400     0.99847
 12629.600     0.99899
 12629.800     0.99944
 12630.000     0.99876
 12630.200     0.99630
 12630.400     0.99466
 12630.600     0.99661
 12630.800     0.99858
 12631.000     0.99818
 12631.200     0.99213
 12631.400     0.98065
 12631.600     0.97590
 12631.800     0.98154
 12632.000     0.98844
 12632.200     0.99348
 12632.400     0.99317
 12632.600     0.99138
 12632.800     0.99521
 12633.000     0.99899
 12633.200     0.99981
 12633.400     0.99974
 12633.600     0.99963
 12633.800     0.99917
 12634.000     0.99762
 12634.200     0.99612
 12634.400     0.99617
 12634.600     0.99614
 12634.800     0.99684
 12635.000     0.99842
 12635.200     0.99948
 12635.400     0.99959
 12635.600     0.99939
 12635.800     0.99962
 12636.000     0.99991
 12636.200     0.99999
 12636.400     0.99999
 12636.600     0.99988
 12636.800     0.99930
 12637.000     0.99826
 12637.200     0.99803
 12637.400     0.99897
 12637.600     0.99961
 12637.800     0.99912
 12638.000     0.99514
 12638.200     0.97303
 12638.400     0.88116
 12638.600     0.74109
 12638.800     0.74035
 12639.000     0.88254
 12639.200     0.97691
 12639.400     0.99735
 12639.600     0.99945
 12639.800     0.99926
 12640.000     0.99706
 12640.200     0.99071
 12640.400     0.98627
 12640.600     0.99011
 12640.800     0.98866
 12641.000     0.98383
 12641.200     0.98985
 12641.400     0.99693
 12641.600     0.99919
 12641.800     0.99960
 12642.000     0.99950
 12642.200     0.99957
 12642.400     0.99978
 12642.600     0.99986
 12642.800     0.99977
 12643.000     0.99973
 12643.200     0.99982
 12643.400     0.99991
 12643.600     0.99994
 12643.800     0.99988
 12644.000     0.99952
 12644.200     0.99830
 12644.400     0.99660
 12644.600     0.99426
 12644.800     0.99201
 12645.000     0.99448
 12645.200     0.99820
 12645.400     0.99950
 12645.600     0.99960
 12645.800     0.99974
 12646.000     0.99981
 12646.200     0.99976
 12646.400     0.99983
 12646.600     0.99991
 12646.800     0.99985
 12647.000     0.99963
 12647.200     0.99942
 12647.400     0.99937
 12647.600     0.99883
 12647.800     0.99753
 12648.000     0.99602
 12648.200     0.98729
 12648.400     0.93851
 12648.600     0.83812
 12648.800     0.80396
 12649.000     0.90038
 12649.200     0.98045
 12649.400     0.99827
 12649.600     0.99899
 12649.800     0.99784
 12650.000     0.99687
 12650.200     0.99407
 12650.400     0.98776
 12650.600     0.98564
 12650.800     0.98939
 12651.000     0.99173
 12651.200     0.99492
 12651.400     0.99752
 12651.600     0.99846
 12651.800     0.99887
 12652.000     0.99880
 12652.200     0.99787
 12652.400     0.99474
 12652.600     0.99102
 12652.800     0.99162
 12653.000     0.99625
 12653.200     0.99927
 12653.400     0.99991
 12653.600     0.99997
 12653.800     0.99997
 12654.000     0.99985
 12654.200     0.99975
 12654.400     0.99982
 12654.600     0.99986
 12654.800     0.99946
 12655.000     0.99572
 12655.200     0.98029
 12655.400     0.95884
 12655.600     0.96009
 12655.800     0.98161
 12656.000     0.99514
 12656.200     0.99830
 12656.400     0.99914
 12656.600     0.99876
 12656.800     0.99789
 12657.000     0.99780
 12657.200     0.99788
 12657.400     0.99822
 12657.600     0.99840
 12657.800     0.99871
 12658.000     0.99920
 12658.200     0.99943
 12658.400     0.99882
 12658.600     0.99813
 12658.800     0.99880
 12659.000     0.99964
 12659.200     0.99989
 12659.400     0.99983
 12659.600     0.99925
 12659.800     0.99810
 12660.000     0.99767
 12660.200     0.99847
 12660.400     0.99901
 12660.600     0.99906
 12660.800     0.99860
 12661.000     0.99779
 12661.200     0.99799
 12661.400     0.99867
 12661.600     0.99930
 12661.800     0.99973
 12662.000     0.99979
 12662.200     0.99969
 12662.400     0.99962
 12662.600     0.99954
 12662.800     0.99960
 12663.000     0.99974
 12663.200     0.99975
 12663.400     0.99972
 12663.600     0.99943
 12663.800     0.99875
 12664.000     0.99852
 12664.200     0.99914
 12664.400     0.99965
 12664.600     0.99983
 12664.800     0.99994
 12665.000     0.99999
 12665.200     1.00000
 12665.400     0.99998
 12665.600     0.99989
 12665.800     0.99965
 12666.000     0.99865
 12666.200     0.99607
 12666.400     0.99352
 12666.600     0.98990
 12666.800     0.98213
 12667.000     0.97709
 12667.200     0.98041
 12667.400     0.99039
 12667.600     0.99674
 12667.800     0.99818
 12668.000     0.99770
 12668.200     0.99702
 12668.400     0.99682
 12668.600     0.99681
 12668.800     0.99776
 12669.000     0.99901
 12669.200     0.99924
 12669.400     0.99859
 12669.600     0.99811
 12669.800     0.99619
 12670.000     0.98866
 12670.200     0.98294
 12670.400     0.98831
 12670.600     0.98880
 12670.800     0.98187
 12671.000     0.98255
 12671.200     0.98814
 12671.400     0.99242
 12671.600     0.99492
 12671.800     0.99763
 12672.000     0.99944
 12672.200     0.99991
 12672.400     0.99998
 12672.600     0.99988
 12672.800     0.99950
 12673.000     0.99916
 12673.200     0.99937
 12673.400     0.99962
 12673.600     0.99982
 12673.800     0.99994
 12674.000     0.99996
 12674.200     0.99998
 12674.400     1.00000
 12674.600     1.00000
 12674.800     0.99999
 12675.000     0.99988
 12675.200     0.99940
 12675.400     0.99812
 12675.600     0.99385
 12675.800     0.98685
 12676.000     0.98618
 12676.200     0.99268
 12676.400     0.99715
 12676.600     0.99872
 12676.800     0.99848
 12677.000     0.99710
 12677.200     0.99716
 12677.400     0.99863
 12677.600     0.99939
 12677.800     0.99897
 12678.000     0.99808
 12678.200     0.99465
 12678.400     0.97817
 12678.600     0.94463
 12678.800     0.90123
 12679.000     0.83645
 12679.200     0.80166
 12679.400     0.87222
 12679.600     0.95443
 12679.800     0.98620
 12680.000     0.99309
 12680.200     0.99320
 12680.400     0.99312
 12680.600     0.99177
 12680.800     0.99180
 12681.000     0.99502
 12681.200     0.99746
 12681.400     0.99695
 12681.600     0.99596
 12681.800     0.99705
 12682.000     0.99810
 12682.200     0.99843
 12682.400     0.99828
 12682.600     0.99738
 12682.800     0.99380
 12683.000     0.98946
 12683.200     0.98846
 12683.400     0.98269
 12683.600     0.96617
 12683.800     0.96041
 12684.000     0.97808
 12684.200     0.99380
 12684.400     0.99832
 12684.600     0.99910
 12684.800     0.99929
 12685.000     0.99890
 12685.200     0.99649
 12685.400     0.99419
 12685.600     0.99598
 12685.800     0.99654
 12686.000     0.99271
 12686.200     0.99084
 12686.400     0.99487
 12686.600     0.99787
 12686.800     0.99820
 12687.000     0.99880
 12687.200     0.99874
 12687.400     0.99721
 12687.600     0.99419
 12687.800     0.98958
 12688.000     0.98867
 12688.200     0.99399
 12688.400     0.99708
 12688.600     0.99674
 12688.800     0.99756
 12689.000     0.99900
 12689.200     0.99970
 12689.400     0.99989
 12689.600     0.99988
 12689.800     0.99981
 12690.000     0.99967
 12690.200     0.99922
 12690.400     0.99860
 12690.600     0.99793
 12690.800     0.99599
 12691.000     0.99301
 12691.200     0.99170
 12691.400     0.99426
 12691.600     0.99743
 12691.800     0.99919
 12692.000     0.99986
 12692.200     0.99999
 12692.400     0.99998
 12692.600     0.99983
 12692.800     0.99919
 12693.000     0.99828
 12693.200     0.99711
 12693.400     0.99563
 12693.600     0.99640
 12693.800     0.99854
 12694.000     0.99877
 12694.200     0.99510
 12694.400     0.99138
 12694.600     0.99430
 12694.800     0.99834
 12695.000     0.99936
 12695.200     0.99909
 12695.400     0.99915
 12695.600     0.99956
 12695.800     0.99956
 12696.000     0.99892
 12696.200     0.99747
 12696.400     0.99643
 12696.600     0.99790
 12696.800     0.99947
 12697.000     0.99985
 12697.200     0.99990
 12697.400     0.99984
 12697.600     0.99861
 12697.800     0.99333
 12698.000     0.98783
 12698.200     0.99104
 12698.400     0.99582
 12698.600     0.99313
 12698.800     0.97840
 12699.000     0.96671
 12699.200     0.98066
 12699.400     0.99586
 12699.600     0.99964
 12699.800     0.99997
 12700.000     0.99995
 12700.200     0.99995
 12700.400     0.99995
 12700.600     0.99997
 12700.800     0.99998
 12701.000     0.99990
 12701.200     0.99975
 12701.400     0.99971
 12701.600     0.99979
 12701.800     0.99974
 12702.000     0.99967
 12702.200     0.99977
 12702.400     0.99984
 12702.600     0.99967
 12702.800     0.99906
 12703.000     0.99803
 12703.200     0.99658
 12703.400     0.99544
 12703.600     0.99645
 12703.800     0.99850
 12704.000     0.99957
 12704.200     0.99979
 12704.400     0.99985
 12704.600     0.99989
 12704.800     0.99987
 12705.000     0.99980
 12705.200     0.99942
 12705.400     0.99755
 12705.600     0.99343
 12705.800     0.99071
 12706.000     0.99302
 12706.200     0.99675
 12706.400     0.99882
 12706.600     0.99940
 12706.800     0.99905
 12707.000     0.99851
 12707.200     0.99870
 12707.400     0.99925
 12707.600     0.99966
 12707.800     0.99978
 12708.000     0.99954
 12708.200     0.99880
 12708.400     0.99820
 12708.600     0.99850
 12708.800     0.99826
 12709.000     0.99744
 12709.200     0.99741
 12709.400     0.99818
 12709.600     0.99905
 12709.800     0.99903
 12710.000     0.99863
 12710.200     0.99916
 12710.400     0.99979
 12710.600     0.99993
 12710.800     0.99988
 12711.000     0.99956
 12711.200     0.99816
 12711.400     0.99613
 12711.600     0.99580
 12711.800     0.99607
 12712.000     0.99176
 12712.200     0.98601
 12712.400     0.98872
 12712.600     0.99298
 12712.800     0.99410
 12713.000     0.99673
 12713.200     0.99910
 12713.400     0.99980
 12713.600     0.99993
 12713.800     0.99993
 12714.000     0.99993
 12714.200     0.99994
 12714.400     0.99983
 12714.600     0.99845
 12714.800     0.99278
 12715.000     0.98699
 12715.200     0.99062
 12715.400     0.99684
 12715.600     0.99929
 12715.800     0.99977
 12716.000     0.99989
 12716.200     0.99995
 12716.400     0.99989
 12716.600     0.99966
 12716.800     0.99909
 12717.000     0.99835
 12717.200     0.99841
 12717.400     0.99927
 12717.600     0.99985
 12717.800     0.99999
 12718.000     1.00000
 12718.200     1.00000
 12718.400     0.99998
 12718.600     0.99996
 12718.800     0.99998
 12719.000     0.99999
 12719.200     0.99997
 12719.400     0.99990
 12719.600     0.99922
 12719.800     0.99428
 12720.000     0.97920
 12720.200     0.96876
 12720.400     0.98229
 12720.600     0.99572
 12720.800     0.99831
 12721.000     0.99862
 12721.200     0.99894
 12721.400     0.99750
 12721.600     0.99250
 12721.800     0.98929
 12722.000     0.99398
 12722.200     0.99834
 12722.400     0.99905
 12722.600     0.99927
 12722.800     0.99966
 12723.000     0.99986
 12723.200     0.99988
 12723.400     0.99991
 12723.600     0.99997
 12723.800     0.99999
 12724.000     0.99999
 12724.200     0.99990
 12724.400     0.99944
 12724.600     0.99847
 12724.800     0.99802
 12725.000     0.99868
 12725.200     0.99889
 12725.400     0.99871
 12725.600     0.99882
 12725.800     0.99774
 12726.000     0.99457
 12726.200     0.99116
 12726.400     0.98997
 12726.600     0.98998
 12726.800     0.98777
 12727.000     0.98502
 12727.200     0.98847
 12727.400     0.99303
 12727.600     0.99700
 12727.800     0.99940
 12728.000     0.99989
 12728.200     0.99990
 12728.400     0.99990
 12728.600     0.99991
 12728.800     0.99993
 12729.000     0.99991
 12729.200     0.99964
 12729.400     0.99890
 12729.600     0.99648
 12729.800     0.99053
 12730.000     0.98683
 12730.200     0.99205
 12730.400     0.99743
 12730.600     0.99765
 12730.800     0.99666
 12731.000     0.99805
 12731.200     0.99957
 12731.400     0.99992
 12731.600     0.99970
 12731.800     0.99825
 12732.000     0.99413
 12732.200     0.99099
 12732.400     0.99360
 12732.600     0.99644
 12732.800     0.99763
 12733.000     0.99894
 12733.200     0.99927
 12733.400     0.99683
 12733.600     0.98892
 12733.800     0.98301
 12734.000     0.98999
 12734.200     0.99656
 12734.400     0.99722
 12734.600     0.99803
 12734.800     0.99906
 12735.000     0.99939
 12735.200     0.99956
 12735.400     0.99841
 12735.600     0.99128
 12735.800     0.97782
 12736.000     0.97301
 12736.200     0.97998
 12736.400     0.98497
 12736.600     0.99211
 12736.800     0.99817
 12737.000     0.99963
 12737.200     0.99959
 12737.400     0.99953
 12737.600     0.99957
 12737.800     0.99901
 12738.000     0.99510
 12738.200     0.98117
 12738.400     0.96599
 12738.600     0.96897
 12738.800     0.97959
 12739.000     0.98911
 12739.200     0.99369
 12739.400     0.99639
 12739.600     0.99734
 12739.800     0.98801
 12740.000     0.95431
 12740.200     0.92636
 12740.400     0.95362
 12740.600     0.98638
 12740.800     0.99370
 12741.000     0.99376
 12741.200     0.99636
 12741.400     0.99751
 12741.600     0.99632
 12741.800     0.99595
 12742.000     0.99676
 12742.200     0.99821
 12742.400     0.99925
 12742.600     0.99925
 12742.800     0.99388
 12743.000     0.96986
 12743.200     0.94375
 12743.400     0.95773
 12743.600     0.98489
 12743.800     0.99614
 12744.000     0.99882
 12744.200     0.99945
 12744.400     0.99869
 12744.600     0.99498
 12744.800     0.98883
 12745.000     0.98809
 12745.200     0.99441
 12745.400     0.99895
 12745.600     0.99987
 12745.800     0.99990
 12746.000     0.99952
 12746.200     0.99713
 12746.400     0.99176
 12746.600     0.98936
 12746.800     0.99434
 12747.000     0.99854
 12747.200     0.99886
 12747.400     0.99791
 12747.600     0.99751
 12747.800     0.99799
 12748.000     0.99728
 12748.200     0.99604
 12748.400     0.99707
 12748.600     0.99888
 12748.800     0.99954
 12749.000     0.99917
 12749.200     0.99671
 12749.400     0.98882
 12749.600     0.97867
 12749.800     0.97859
 12750.000     0.98826
 12750.200     0.99628
 12750.400     0.99907
 12750.600     0.99934
 12750.800     0.99908
 12751.000     0.99906
 12751.200     0.99944
 12751.400     0.99959
 12751.600     0.99926
 12751.800     0.99881
 12752.000     0.99885
 12752.200     0.99946
 12752.400     0.99985
 12752.600     0.99991
 12752.800     0.99994
 12753.000     0.99991
 12753.200     0.99976
 12753.400     0.99964
 12753.600     0.99965
 12753.800     0.99957
 12754.000     0.99915
 12754.200     0.99778
 12754.400     0.99617
 12754.600     0.99688
 12754.800     0.99871
 12755.000     0.99968
 12755.200     0.99989
 12755.400     0.99988
 12755.600     0.99985
 12755.800     0.99985
 12756.000     0.99986
 12756.200     0.99990
 12756.400     0.99996
 12756.600     0.99991
 12756.800     0.99898
 12757.000     0.99516
 12757.200     0.99118
 12757.400     0.99346
 12757.600     0.99760
 12757.800     0.99865
 12758.000     0.99683
 12758.200     0.99390
 12758.400     0.99273
 12758.600     0.99456
 12758.800     0.99705
 12759.000     0.99791
 12759.200     0.99848
 12759.400     0.99936
 12759.600     0.99983
 12759.800     0.99964
 12760.000     0.99835
 12760.200     0.99717
 12760.400     0.99819
 12760.600     0.99913
 12760.800     0.99815
 12761.000     0.99653
 12761.200     0.99544
 12761.400     0.99454
 12761.600     0.99618
 12761.800     0.99836
 12762.000     0.99873
 12762.200     0.99847
 12762.400     0.99912
 12762.600     0.99977
 12762.800     0.99996
 12763.000     0.99997
 12763.200     0.99996
 12763.400     0.99993
 12763.600     0.99944
 12763.800     0.99687
 12764.000     0.99175
 12764.200     0.98996
 12764.400     0.99482
 12764.600     0.99878
 12764.800     0.99927
 12765.000     0.99830
 12765.200     0.99762
 12765.400     0.99852
 12765.600     0.99945
 12765.800     0.99980
 12766.000     0.99990
 12766.200     0.99990
 12766.400     0.99991
 12766.600     0.99985
 12766.800     0.99978
 12767.000     0.99983
 12767.200     0.99983
 12767.400     0.99976
 12767.600     0.99984
 12767.800     0.99995
 12768.000     0.99996
 12768.200     0.99985
 12768.400     0.99959
 12768.600     0.99939
 12768.800     0.99955
 12769.000     0.99971
 12769.200     0.99974
 12769.400     0.99982
 12769.600     0.99987
 12769.800     0.99989
 12770.000     0.99995
 12770.200     0.99997
 12770.400     0.99986
 12770.600     0.99963
 12770.800     0.99951
 12771.000     0.99953
 12771.200     0.99949
 12771.400     0.99954
 12771.600     0.99969
 12771.800     0.99983
 12772.000     0.99989
 12772.200     0.99991
 12772.400     0.99987
 12772.600     0.99970
 12772.800     0.99909
 12773.000     0.99732
 12773.200     0.99593
 12773.400     0.99717
 12773.600     0.99782
 12773.800     0.99747
 12774.000     0.99826
 12774.200     0.99869
 12774.400     0.99827
 12774.600     0.99808
 12774.800     0.99803
 12775.000     0.99807
 12775.200     0.99835
 12775.400     0.99843
 12775.600     0.99729
 12775.800     0.99213
 12776.000     0.98755
 12776.200     0.99153
 12776.400     0.99598
 12776.600     0.99343
 12776.800     0.99011
 12777.000     0.99427
 12777.200     0.99879
 12777.400     0.99988
 12777.600     0.99978
 12777.800     0.99901
 12778.000     0.99817
 12778.200     0.99851
 12778.400     0.99935
 12778.600     0.99982
 12778.800     0.99993
 12779.000     0.99990
 12779.200     0.99980
 12779.400     0.99932
 12779.600     0.99851
 12779.800     0.99802
 12780.000     0.99822
 12780.200     0.99867
 12780.400     0.99772
 12780.600     0.99648
 12780.800     0.99759
 12781.000     0.99918
 12781.200     0.99977
 12781.400     0.99989
 12781.600     0.99990
 12781.800     0.99989
 12782.000     0.99978
 12782.200     0.99925
 12782.400     0.99779
 12782.600     0.99666
 12782.800     0.99767
 12783.000     0.99863
 12783.200     0.99758
 12783.400     0.99634
 12783.600     0.99768
 12783.800     0.99937
 12784.000     0.99988
 12784.200     0.99987
 12784.400     0.99939
 12784.600     0.99849
 12784.800     0.99830
 12785.000     0.99918
 12785.200     0.99973
 12785.400     0.99853
 12785.600     0.99300
 12785.800     0.98718
 12786.000     0.99050
 12786.200     0.99672
 12786.400     0.99925
 12786.600     0.99965
 12786.800     0.99950
 12787.000     0.99890
 12787.200     0.99831
 12787.400     0.99804
 12787.600     0.99695
 12787.800     0.99634
 12788.000     0.99794
 12788.200     0.99880
 12788.400     0.99678
 12788.600     0.99453
 12788.800     0.99556
 12789.000     0.99003
 12789.200     0.95597
 12789.400     0.92040
 12789.600     0.94449
 12789.800     0.98353
 12790.000     0.99770
 12790.200     0.99962
 12790.400     0.99921
 12790.600     0.99838
 12790.800     0.99820
 12791.000     0.99908
 12791.200     0.99972
 12791.400     0.99959
 12791.600     0.99900
 12791.800     0.99866
 12792.000     0.99879
 12792.200     0.99718
 12792.400     0.99240
 12792.600     0.98773
 12792.800     0.98763
 12793.000     0.99112
 12793.200     0.99475
 12793.400     0.99790
 12793.600     0.99958
 12793.800     0.99994
 12794.000     0.99986
 12794.200     0.99949
 12794.400     0.99898
 12794.600     0.99869
 12794.800     0.99860
 12795.000     0.99881
 12795.200     0.99929
 12795.400     0.99905
 12795.600     0.99674
 12795.800     0.99136
 12796.000     0.98843
 12796.200     0.99361
 12796.400     0.99842
 12796.600     0.99903
 12796.800     0.99859
 12797.000     0.99896
 12797.200     0.99955
 12797.400     0.99974
 12797.600     0.99960
 12797.800     0.99919
 12798.000     0.99847
 12798.200     0.99792
 12798.400     0.99808
 12798.600     0.99843
 12798.800     0.99905
 12799.000     0.99774
 12799.200     0.98985
 12799.400     0.98143
 12799.600     0.98541
 12799.800     0.99285
 12800.000     0.99714
 12800.200     0.99924
 12800.400     0.99984
 12800.600     0.99984
 12800.800     0.99967
 12801.000     0.99959
 12801.200     0.99967
 12801.400     0.99974
 12801.600     0.99968
 12801.800     0.99924
 12802.000     0.99871
 12802.200     0.99894
 12802.400     0.99941
 12802.600     0.99970
 12802.800     0.99983
 12803.000     0.99988
 12803.200     0.99992
 12803.400     0.99996
 12803.600     0.99996
 12803.800     0.99991
 12804.000     0.99988
 12804.200     0.99979
 12804.400     0.99916
 12804.600     0.99795
 12804.800     0.99744
 12805.000     0.99771
 12805.200     0.99771
 12805.400     0.99850
 12805.600     0.99954
 12805.800     0.99994
 12806.000     1.00000
 12806.200     0.99999
 12806.400     0.99971
 12806.600     0.99506
 12806.800     0.96569
 12807.000     0.89125
 12807.200     0.84997
 12807.400     0.91837
 12807.600     0.98248
 12807.800     0.98670
 12808.000     0.94135
 12808.200     0.89460
 12808.400     0.92704
 12808.600     0.97742
 12808.800     0.99527
 12809.000     0.99871
 12809.200     0.99965
 12809.400     0.99993
 12809.600     0.99993
 12809.800     0.99976
 12810.000     0.99960
 12810.200     0.99959
 12810.400     0.99927
 12810.600     0.99861
 12810.800     0.99830
 12811.000     0.99713
 12811.200     0.99053
 12811.400     0.98256
 12811.600     0.98587
 12811.800     0.99454
 12812.000     0.99865
 12812.200     0.99881
 12812.400     0.99753
 12812.600     0.99665
 12812.800     0.99730
 12813.000     0.99838
 12813.200     0.99883
 12813.400     0.99907
 12813.600     0.99926
 12813.800     0.99797
 12814.000     0.99310
 12814.200     0.98953
 12814.400     0.99384
 12814.600     0.99763
 12814.800     0.99643
 12815.000     0.99468
 12815.200     0.99436
 12815.400     0.98699
 12815.600     0.96279
 12815.800     0.91261
 12816.000     0.86672
 12816.200     0.88684
 12816.400     0.92279
 12816.600     0.92686
 12816.800     0.90501
 12817.000     0.85934
 12817.200     0.79252
 12817.400     0.72025
 12817.600     0.65992
 12817.800     0.62015
 12818.000     0.60195
 12818.200     0.60426
 12818.400     0.62727
 12818.600     0.67209
 12818.800     0.73644
 12819.000     0.80873
 12819.200     0.87081
 12819.400     0.91139
 12819.600     0.93231
 12819.800     0.94239
 12820.000     0.94888
 12820.200     0.95630
 12820.400     0.96905
 12820.600     0.98588
 12820.800     0.99626
 12821.000     0.99848
 12821.200     0.98936
 12821.400     0.94560
 12821.600     0.89314
 12821.800     0.91292
 12822.000     0.96760
 12822.200     0.99314
 12822.400     0.99605
 12822.600     0.99573
 12822.800     0.99753
 12823.000     0.99880
 12823.200     0.99785
 12823.400     0.98920
 12823.600     0.95773
 12823.800     0.92474
 12824.000     0.94104
 12824.200     0.97695
 12824.400     0.98760
 12824.600     0.96985
 12824.800     0.95215
 12825.000     0.96724
 12825.200     0.98969
 12825.400     0.99792
 12825.600     0.99833
 12825.800     0.99498
 12826.000     0.99071
 12826.200     0.99133
 12826.400     0.99237
 12826.600     0.98867
 12826.800     0.97878
 12827.000     0.96847
 12827.200     0.97730
 12827.400     0.99248
 12827.600     0.99878
 12827.800     0.99969
 12828.000     0.99898
 12828.200     0.99765
 12828.400     0.99739
 12828.600     0.99862
 12828.800     0.99960
 12829.000     0.99963
 12829.200     0.99867
 12829.400     0.99758
 12829.600     0.99816
 12829.800     0.99919
 12830.000     0.99852
 12830.200     0.99471
 12830.400     0.99178
 12830.600     0.99528
 12830.800     0.99841
 12831.000     0.99153
 12831.200     0.95832
 12831.400     0.92504
 12831.600     0.94819
 12831.800     0.98293
 12832.000     0.99486
 12832.200     0.99822
 12832.400     0.99959
 12832.600     0.99966
 12832.800     0.99948
 12833.000     0.99960
 12833.200     0.99975
 12833.400     0.99942
 12833.600     0.99896
 12833.800     0.99911
 12834.000     0.99892
 12834.200     0.99757
 12834.400     0.99690
 12834.600     0.99833
 12834.800     0.99963
 12835.000     0.99995
 12835.200     0.99999
 12835.400     1.00000
 12835.600     0.99989
 12835.800     0.99869
 12836.000     0.99375
 12836.200     0.98888
 12836.400     0.99223
 12836.600     0.99744
 12836.800     0.99939
 12837.000     0.99935
 12837.200     0.99797
 12837.400     0.99694
 12837.600     0.99788
 12837.800     0.99813
 12838.000     0.99762
 12838.200     0.99841
 12838.400     0.99929
 12838.600     0.99971
 12838.800     0.99993
 12839.000     0.99999
 12839.200     1.00000
 12839.400     1.00000
 12839.600     1.00000
 12839.800     0.99989
 12840.000     0.99767
 12840.200     0.98001
 12840.400     0.92239
 12840.600     0.87582
 12840.800     0.92155
 12841.000     0.97932
 12841.200     0.99700
 12841.400     0.99898
 12841.600     0.99943
 12841.800     0.99985
 12842.000     0.99998
 12842.200     0.99999
 12842.400     0.99995
 12842.600     0.99983
 12842.800     0.99972
 12843.000     0.99975
 12843.200     0.99981
 12843.400     0.99978
 12843.600     0.99947
 12843.800     0.99822
 12844.000     0.99719
 12844.200     0.99834
 12844.400     0.99958
 12844.600     0.99967
 12844.800     0.99887
 12845.000     0.99751
 12845.200     0.99568
 12845.400     0.99219
 12845.600     0.98997
 12845.800     0.99232
 12846.000     0.99116
 12846.200     0.98460
 12846.400     0.98165
 12846.600     0.97602
 12846.800     0.93888
 12847.000     0.89991
 12847.200     0.93401
 12847.400     0.98184
 12847.600     0.99722
 12847.800     0.99786
 12848.000     0.99645
 12848.200     0.99745
 12848.400     0.99904
 12848.600     0.99947
 12848.800     0.99865
 12849.000     0.99354
 12849.200     0.97960
 12849.400     0.97034
 12849.600     0.98214
 12849.800     0.99423
 12850.000     0.99683
 12850.200     0.99748
 12850.400     0.99839
 12850.600     0.99931
 12850.800     0.99980
 12851.000     0.99989
 12851.200     0.99990
 12851.400     0.99988
 12851.600     0.99984
 12851.800     0.99972
 12852.000     0.99916
 12852.200     0.99855
 12852.400     0.99877
 12852.600     0.99899
 12852.800     0.99716
 12853.000     0.98752
 12853.200     0.96480
 12853.400     0.95163
 12853.600     0.97123
 12853.800     0.99193
 12854.000     0.99715
 12854.200     0.99561
 12854.400     0.99438
 12854.600     0.99616
 12854.800     0.99709
 12855.000     0.99636
 12855.200     0.99648
 12855.400     0.99814
 12855.600     0.99931
 12855.800     0.99936
 12856.000     0.99921
 12856.200     0.99920
 12856.400     0.99927
 12856.600     0.99926
 12856.800     0.99820
 12857.000     0.99683
 12857.200     0.99708
 12857.400     0.99791
 12857.600     0.99905
 12857.800     0.99979
 12858.000     0.99980
 12858.200     0.99926
 12858.400     0.99870
 12858.600     0.99910
 12858.800     0.99955
 12859.000     0.99928
 12859.200     0.99891
 12859.400     0.99884
 12859.600     0.99783
 12859.800     0.99676
 12860.000     0.99804
 12860.200     0.99947
 12860.400     0.99979
 12860.600     0.99975
 12860.800     0.99931
 12861.000     0.99575
 12861.200     0.98179
 12861.400     0.96536
 12861.600     0.97081
 12861.800     0.98828
 12862.000     0.99738
 12862.200     0.99834
 12862.400     0.99485
 12862.600     0.98958
 12862.800     0.98944
 12863.000     0.99446
 12863.200     0.99800
 12863.400     0.99787
 12863.600     0.99649
 12863.800     0.99681
 12864.000     0.99847
 12864.200     0.99962
 12864.400     0.99994
 12864.600     0.99980
 12864.800     0.99833
 12865.000     0.99371
 12865.200     0.99040
 12865.400     0.99450
 12865.600     0.99874
 12865.800     0.99938
 12866.000     0.99845
 12866.200     0.99765
 12866.400     0.99832
 12866.600     0.99943
 12866.800     0.99991
 12867.000     0.99999
 12867.200     0.99999
 12867.400     0.99997
 12867.600     0.99992
 12867.800     0.99988
 12868.000     0.99985
 12868.200     0.99985
 12868.400     0.99982
 12868.600     0.99975
 12868.800     0.99952
 12869.000     0.99883
 12869.200     0.99788
 12869.400     0.99708
 12869.600     0.99259
 12869.800     0.97535
 12870.000     0.95772
 12870.200     0.96394
 12870.400     0.96616
 12870.600     0.95075
 12870.800     0.95395
 12871.000     0.97875
 12871.200     0.99492
 12871.400     0.99794
 12871.600     0.99768
 12871.800     0.99796
 12872.000     0.99754
 12872.200     0.99607
 12872.400     0.99544
 12872.600     0.99673
 12872.800     0.99741
 12873.000     0.99710
 12873.200     0.99706
 12873.400     0.99841
 12873.600     0.99959
 12873.800     0.99992
 12874.000     0.99999
 12874.200     0.99996
 12874.400     0.99980
 12874.600     0.99961
 12874.800     0.99957
 12875.000     0.99961
 12875.200     0.99979
 12875.400     0.99991
 12875.600     0.99980
 12875.800     0.99966
 12876.000     0.99967
 12876.200     0.99971
 12876.400     0.99951
 12876.600     0.99811
 12876.800     0.99406
 12877.000     0.99037
 12877.200     0.99270
 12877.400     0.99702
 12877.600     0.99890
 12877.800     0.99885
 12878.000     0.99792
 12878.200     0.99715
 12878.400     0.99737
 12878.600     0.99864
 12878.800     0.99957
 12879.000     0.99938
 12879.200     0.99240
 12879.400     0.94920
 12879.600     0.84262
 12879.800     0.78420
 12880.000     0.88000
 12880.200     0.97364
 12880.400     0.99717
 12880.600     0.99860
 12880.800     0.99689
 12881.000     0.99607
 12881.200     0.99751
 12881.400     0.99912
 12881.600     0.99951
 12881.800     0.99920
 12882.000     0.99910
 12882.200     0.99955
 12882.400     0.99991
 12882.600     0.99999
 12882.800     0.99996
 12883.000     0.99980
 12883.200     0.99954
 12883.400     0.99951
 12883.600     0.99973
 12883.800     0.99986
 12884.000     0.99973
 12884.200     0.99824
 12884.400     0.99273
 12884.600     0.98672
 12884.800     0.98715
 12885.000     0.98562
 12885.200     0.98011
 12885.400     0.98323
 12885.600     0.99304
 12885.800     0.99860
 12886.000     0.99978
 12886.200     0.99995
 12886.400     0.99996
 12886.600     0.99983
 12886.800     0.99933
 12887.000     0.99870
 12887.200     0.99766
 12887.400     0.99325
 12887.600     0.98945
 12887.800     0.99336
 12888.000     0.99780
 12888.200     0.99932
 12888.400     0.99979
 12888.600     0.99978
 12888.800     0.99958
 12889.000     0.99948
 12889.200     0.99969
 12889.400     0.99979
 12889.600     0.99932
 12889.800     0.99860
 12890.000     0.99849
 12890.200     0.99876
 12890.400     0.99877
 12890.600     0.99849
 12890.800     0.99855
 12891.000     0.99906
 12891.200     0.99953
 12891.400     0.99944
 12891.600     0.99843
 12891.800     0.99745
 12892.000     0.99802
 12892.200     0.99916
 12892.400     0.99968
 12892.600     0.99964
 12892.800     0.99910
 12893.000     0.99865
 12893.200     0.99905
 12893.400     0.99964
 12893.600     0.99991
 12893.800     0.99998
 12894.000     0.99997
 12894.200     0.99993
 12894.400     0.99992
 12894.600     0.99991
 12894.800     0.99981
 12895.000     0.99962
 12895.200     0.99947
 12895.400     0.99925
 12895.600     0.99406
 12895.800     0.96575
 12896.000     0.91350
 12896.200     0.90106
 12896.400     0.95135
 12896.600     0.98759
 12896.800     0.98179
 12897.000     0.95386
 12897.200     0.94125
 12897.400     0.96239
 12897.600     0.98245
 12897.800     0.99031
 12898.000     0.99592
 12898.200     0.99844
 12898.400     0.99748
 12898.600     0.99590
 12898.800     0.99519
 12899.000     0.99365
 12899.200     0.97664
 12899.400     0.88329
 12899.600     1.00000
 12899.800     1.00000
 12900.000     1.00000
