the number of points per synthesis =   1251
start =  11800.000     stop =  12050.000     step =      0.200
 11800.000     1.00000
 11800.200     1.00000
 11800.400     1.00000
 11800.600     0.96867
 11800.800     0.92109
 11801.000     0.85601
 11801.200     0.86869
 11801.400     0.94629
 11801.600     0.99071
 11801.800     0.99802
 11802.000     0.99771
 11802.200     0.99863
 11802.400     0.99908
 11802.600     0.99679
 11802.800     0.99438
 11803.000     0.99648
 11803.200     0.99875
 11803.400     0.99952
 11803.600     0.99976
 11803.800     0.99984
 11804.000     0.99984
 11804.200     0.99978
 11804.400     0.99955
 11804.600     0.99877
 11804.800     0.99823
 11805.000     0.99901
 11805.200     0.99943
 11805.400     0.99894
 11805.600     0.99810
 11805.800     0.99771
 11806.000     0.99885
 11806.200     0.99974
 11806.400     0.99993
 11806.600     0.99976
 11806.800     0.99873
 11807.000     0.99764
 11807.200     0.99818
 11807.400     0.99700
 11807.600     0.98940
 11807.800     0.98265
 11808.000     0.98968
 11808.200     0.99743
 11808.400     0.99873
 11808.600     0.99579
 11808.800     0.99227
 11809.000     0.99471
 11809.200     0.99821
 11809.400     0.99942
 11809.600     0.99982
 11809.800     0.99997
 11810.000     0.99996
 11810.200     0.99975
 11810.400     0.99890
 11810.600     0.99766
 11810.800     0.99282
 11811.000     0.96320
 11811.200     0.89798
 11811.400     0.82352
 11811.600     0.80842
 11811.800     0.90844
 11812.000     0.98288
 11812.200     0.99219
 11812.400     0.97807
 11812.600     0.96968
 11812.800     0.98353
 11813.000     0.98758
 11813.200     0.97796
 11813.400     0.97973
 11813.600     0.98184
 11813.800     0.97819
 11814.000     0.98815
 11814.200     0.99732
 11814.400     0.99894
 11814.600     0.99939
 11814.800     0.99970
 11815.000     0.99946
 11815.200     0.99917
 11815.400     0.99954
 11815.600     0.99988
 11815.800     0.99982
 11816.000     0.99938
 11816.200     0.99895
 11816.400     0.99891
 11816.600     0.99675
 11816.800     0.99348
 11817.000     0.99480
 11817.200     0.99793
 11817.400     0.99949
 11817.600     0.99987
 11817.800     0.99915
 11818.000     0.99464
 11818.200     0.98666
 11818.400     0.98515
 11818.600     0.98637
 11818.800     0.96555
 11819.000     0.93937
 11819.200     0.95639
 11819.400     0.98624
 11819.600     0.99774
 11819.800     0.99951
 11820.000     0.99980
 11820.200     0.99983
 11820.400     0.99834
 11820.600     0.98407
 11820.800     0.93139
 11821.000     0.88855
 11821.200     0.93910
 11821.400     0.98858
 11821.600     0.99897
 11821.800     0.99944
 11822.000     0.99885
 11822.200     0.99874
 11822.400     0.99931
 11822.600     0.99941
 11822.800     0.99811
 11823.000     0.99656
 11823.200     0.99742
 11823.400     0.99851
 11823.600     0.99886
 11823.800     0.99858
 11824.000     0.99819
 11824.200     0.99825
 11824.400     0.99809
 11824.600     0.99846
 11824.800     0.99909
 11825.000     0.99797
 11825.200     0.99201
 11825.400     0.98629
 11825.600     0.98960
 11825.800     0.98750
 11826.000     0.97416
 11826.200     0.97106
 11826.400     0.98449
 11826.600     0.98961
 11826.800     0.97068
 11827.000     0.92104
 11827.200     0.89132
 11827.400     0.92843
 11827.600     0.93015
 11827.800     0.80587
 11828.000     0.58817
 11828.200     0.50009
 11828.400     0.63384
 11828.600     0.84198
 11828.800     0.95116
 11829.000     0.97659
 11829.200     0.97903
 11829.400     0.97898
 11829.600     0.97296
 11829.800     0.96292
 11830.000     0.97135
 11830.200     0.96553
 11830.400     0.94843
 11830.600     0.96852
 11830.800     0.99230
 11831.000     0.99871
 11831.200     0.99962
 11831.400     0.99991
 11831.600     0.99999
 11831.800     1.00000
 11832.000     0.99998
 11832.200     0.99990
 11832.400     0.99982
 11832.600     0.99990
 11832.800     0.99998
 11833.000     1.00000
 11833.200     0.99998
 11833.400     0.99996
 11833.600     0.99998
 11833.800     0.99999
 11834.000     0.99997
 11834.200     0.99989
 11834.400     0.99961
 11834.600     0.99894
 11834.800     0.99804
 11835.000     0.99763
 11835.200     0.99716
 11835.400     0.99515
 11835.600     0.99512
 11835.800     0.99792
 11836.000     0.99962
 11836.200     0.99972
 11836.400     0.99856
 11836.600     0.99434
 11836.800     0.99053
 11837.000     0.99396
 11837.200     0.99797
 11837.400     0.99828
 11837.600     0.99717
 11837.800     0.99716
 11838.000     0.99749
 11838.200     0.99605
 11838.400     0.98296
 11838.600     0.91028
 11838.800     0.75163
 11839.000     0.65671
 11839.200     0.75740
 11839.400     0.91370
 11839.600     0.98257
 11839.800     0.99400
 11840.000     0.99492
 11840.200     0.99558
 11840.400     0.99586
 11840.600     0.99452
 11840.800     0.99298
 11841.000     0.99185
 11841.200     0.97936
 11841.400     0.95353
 11841.600     0.94327
 11841.800     0.96621
 11842.000     0.99045
 11842.200     0.99874
 11842.400     0.99963
 11842.600     0.99772
 11842.800     0.99017
 11843.000     0.98392
 11843.200     0.99024
 11843.400     0.99065
 11843.600     0.97635
 11843.800     0.96872
 11844.000     0.98481
 11844.200     0.99760
 11844.400     0.99973
 11844.600     0.99940
 11844.800     0.99896
 11845.000     0.99901
 11845.200     0.99710
 11845.400     0.99351
 11845.600     0.99401
 11845.800     0.99759
 11846.000     0.99910
 11846.200     0.99901
 11846.400     0.99942
 11846.600     0.99982
 11846.800     0.99970
 11847.000     0.99932
 11847.200     0.99865
 11847.400     0.99786
 11847.600     0.99825
 11847.800     0.99913
 11848.000     0.99867
 11848.200     0.98907
 11848.400     0.94021
 11848.600     0.86020
 11848.800     0.85569
 11849.000     0.93402
 11849.200     0.98528
 11849.400     0.98978
 11849.600     0.98400
 11849.800     0.99069
 11850.000     0.99799
 11850.200     0.99970
 11850.400     0.99972
 11850.600     0.99929
 11850.800     0.99819
 11851.000     0.99711
 11851.200     0.99745
 11851.400     0.99596
 11851.600     0.99365
 11851.800     0.99485
 11852.000     0.99616
 11852.200     0.99813
 11852.400     0.99964
 11852.600     0.99994
 11852.800     0.99993
 11853.000     0.99993
 11853.200     0.99997
 11853.400     0.99997
 11853.600     0.99982
 11853.800     0.99712
 11854.000     0.98222
 11854.200     0.96649
 11854.400     0.98014
 11854.600     0.99515
 11854.800     0.99805
 11855.000     0.99890
 11855.200     0.99959
 11855.400     0.99935
 11855.600     0.99770
 11855.800     0.99618
 11856.000     0.99735
 11856.200     0.99830
 11856.400     0.99758
 11856.600     0.99632
 11856.800     0.99386
 11857.000     0.97766
 11857.200     0.96046
 11857.400     0.97577
 11857.600     0.99410
 11857.800     0.99917
 11858.000     0.99974
 11858.200     0.99920
 11858.400     0.99851
 11858.600     0.99882
 11858.800     0.99904
 11859.000     0.99882
 11859.200     0.99916
 11859.400     0.99961
 11859.600     0.99950
 11859.800     0.99858
 11860.000     0.99762
 11860.200     0.99814
 11860.400     0.99892
 11860.600     0.99918
 11860.800     0.99904
 11861.000     0.99855
 11861.200     0.99546
 11861.400     0.97998
 11861.600     0.96105
 11861.800     0.97215
 11862.000     0.99150
 11862.200     0.99802
 11862.400     0.99407
 11862.600     0.96292
 11862.800     0.89000
 11863.000     0.84880
 11863.200     0.90432
 11863.400     0.96789
 11863.600     0.96710
 11863.800     0.91911
 11864.000     0.90589
 11864.200     0.95697
 11864.400     0.99238
 11864.600     0.99858
 11864.800     0.99895
 11865.000     0.99719
 11865.200     0.99506
 11865.400     0.99673
 11865.600     0.99911
 11865.800     0.99980
 11866.000     0.99979
 11866.200     0.99982
 11866.400     0.99975
 11866.600     0.99929
 11866.800     0.99861
 11867.000     0.99855
 11867.200     0.99921
 11867.400     0.99964
 11867.600     0.99959
 11867.800     0.99960
 11868.000     0.99976
 11868.200     0.99979
 11868.400     0.99966
 11868.600     0.99954
 11868.800     0.99956
 11869.000     0.99959
 11869.200     0.99979
 11869.400     0.99989
 11869.600     0.99981
 11869.800     0.99958
 11870.000     0.99927
 11870.200     0.99935
 11870.400     0.99944
 11870.600     0.99905
 11870.800     0.99682
 11871.000     0.99125
 11871.200     0.98788
 11871.400     0.99351
 11871.600     0.99834
 11871.800     0.99928
 11872.000     0.99913
 11872.200     0.99807
 11872.400     0.99251
 11872.600     0.97041
 11872.800     0.95054
 11873.000     0.97256
 11873.200     0.99462
 11873.400     0.99911
 11873.600     0.99855
 11873.800     0.98980
 11874.000     0.94613
 11874.200     0.90290
 11874.400     0.94689
 11874.600     0.99090
 11874.800     0.99933
 11875.000     0.99976
 11875.200     0.99660
 11875.400     0.98043
 11875.600     0.96427
 11875.800     0.97956
 11876.000     0.99606
 11876.200     0.99966
 11876.400     0.99973
 11876.600     0.99849
 11876.800     0.99650
 11877.000     0.99652
 11877.200     0.99807
 11877.400     0.99905
 11877.600     0.99957
 11877.800     0.99941
 11878.000     0.99715
 11878.200     0.99458
 11878.400     0.99640
 11878.600     0.99881
 11878.800     0.99878
 11879.000     0.99177
 11879.200     0.95433
 11879.400     0.87489
 11879.600     0.83411
 11879.800     0.89321
 11880.000     0.96248
 11880.200     0.99100
 11880.400     0.99761
 11880.600     0.99793
 11880.800     0.99762
 11881.000     0.99821
 11881.200     0.99726
 11881.400     0.98998
 11881.600     0.98230
 11881.800     0.98825
 11882.000     0.99498
 11882.200     0.98946
 11882.400     0.93715
 11882.600     0.76191
 11882.800     0.55296
 11883.000     0.59896
 11883.200     0.83263
 11883.400     0.96396
 11883.600     0.96678
 11883.800     0.83295
 11884.000     0.61105
 11884.200     0.62009
 11884.400     0.84408
 11884.600     0.97376
 11884.800     0.99000
 11885.000     0.98191
 11885.200     0.98295
 11885.400     0.99306
 11885.600     0.99876
 11885.800     0.99968
 11886.000     0.99938
 11886.200     0.99817
 11886.400     0.99733
 11886.600     0.99846
 11886.800     0.99874
 11887.000     0.99813
 11887.200     0.99890
 11887.400     0.99964
 11887.600     0.99974
 11887.800     0.99986
 11888.000     0.99976
 11888.200     0.99889
 11888.400     0.99727
 11888.600     0.99201
 11888.800     0.97878
 11889.000     0.97332
 11889.200     0.98679
 11889.400     0.99707
 11889.600     0.99889
 11889.800     0.99817
 11890.000     0.98718
 11890.200     0.92222
 11890.400     0.82292
 11890.600     0.83439
 11890.800     0.92850
 11891.000     0.98355
 11891.200     0.99473
 11891.400     0.99517
 11891.600     0.99711
 11891.800     0.99826
 11892.000     0.99788
 11892.200     0.99617
 11892.400     0.97863
 11892.600     0.90399
 11892.800     0.79600
 11893.000     0.79887
 11893.200     0.90239
 11893.400     0.95411
 11893.600     0.95428
 11893.800     0.97613
 11894.000     0.99454
 11894.200     0.99596
 11894.400     0.99362
 11894.600     0.98818
 11894.800     0.96943
 11895.000     0.95698
 11895.200     0.96318
 11895.400     0.91095
 11895.600     0.79061
 11895.800     0.74564
 11896.000     0.83213
 11896.200     0.94124
 11896.400     0.98901
 11896.600     0.99787
 11896.800     0.99904
 11897.000     0.99922
 11897.200     0.99896
 11897.400     0.99869
 11897.600     0.99894
 11897.800     0.99898
 11898.000     0.99796
 11898.200     0.99711
 11898.400     0.99836
 11898.600     0.99948
 11898.800     0.99978
 11899.000     0.99986
 11899.200     0.99983
 11899.400     0.99967
 11899.600     0.99572
 11899.800     0.97345
 11900.000     0.94713
 11900.200     0.96335
 11900.400     0.98972
 11900.600     0.99868
 11900.800     0.99978
 11901.000     0.99971
 11901.200     0.99960
 11901.400     0.99965
 11901.600     0.99963
 11901.800     0.99970
 11902.000     0.99988
 11902.200     0.99995
 11902.400     0.99947
 11902.600     0.99708
 11902.800     0.99419
 11903.000     0.99551
 11903.200     0.99834
 11903.400     0.99845
 11903.600     0.99339
 11903.800     0.98758
 11904.000     0.99110
 11904.200     0.99332
 11904.400     0.97501
 11904.600     0.95423
 11904.800     0.97317
 11905.000     0.99453
 11905.200     0.99949
 11905.400     0.99992
 11905.600     0.99995
 11905.800     0.99994
 11906.000     0.99988
 11906.200     0.99974
 11906.400     0.99966
 11906.600     0.99976
 11906.800     0.99987
 11907.000     0.99975
 11907.200     0.99892
 11907.400     0.99785
 11907.600     0.99709
 11907.800     0.99026
 11908.000     0.97269
 11908.200     0.96537
 11908.400     0.98331
 11908.600     0.99672
 11908.800     0.99881
 11909.000     0.99940
 11909.200     0.99985
 11909.400     0.99996
 11909.600     0.99994
 11909.800     0.99986
 11910.000     0.99970
 11910.200     0.99841
 11910.400     0.99308
 11910.600     0.98712
 11910.800     0.98883
 11911.000     0.99309
 11911.200     0.99718
 11911.400     0.99873
 11911.600     0.99526
 11911.800     0.98776
 11912.000     0.98618
 11912.200     0.99370
 11912.400     0.99889
 11912.600     0.99989
 11912.800     0.99999
 11913.000     0.99995
 11913.200     0.99953
 11913.400     0.99814
 11913.600     0.99710
 11913.800     0.99790
 11914.000     0.99600
 11914.200     0.99106
 11914.400     0.99105
 11914.600     0.99632
 11914.800     0.99943
 11915.000     0.99986
 11915.200     0.99981
 11915.400     0.99982
 11915.600     0.99967
 11915.800     0.99861
 11916.000     0.99710
 11916.200     0.99760
 11916.400     0.99868
 11916.600     0.99706
 11916.800     0.99484
 11917.000     0.99707
 11917.200     0.99944
 11917.400     0.99993
 11917.600     0.99991
 11917.800     0.99978
 11918.000     0.99956
 11918.200     0.99951
 11918.400     0.99959
 11918.600     0.99898
 11918.800     0.99800
 11919.000     0.99774
 11919.200     0.99746
 11919.400     0.99764
 11919.600     0.99834
 11919.800     0.99809
 11920.000     0.99729
 11920.200     0.99692
 11920.400     0.99814
 11920.600     0.99838
 11920.800     0.99692
 11921.000     0.99219
 11921.200     0.97919
 11921.400     0.97192
 11921.600     0.98618
 11921.800     0.99781
 11922.000     0.99989
 11922.200     0.99990
 11922.400     0.99930
 11922.600     0.99807
 11922.800     0.99771
 11923.000     0.99881
 11923.200     0.99957
 11923.400     0.99971
 11923.600     0.99967
 11923.800     0.99958
 11924.000     0.99938
 11924.200     0.99818
 11924.400     0.99656
 11924.600     0.99707
 11924.800     0.99834
 11925.000     0.99915
 11925.200     0.99945
 11925.400     0.99958
 11925.600     0.99905
 11925.800     0.99285
 11926.000     0.97254
 11926.200     0.95311
 11926.400     0.96471
 11926.600     0.98645
 11926.800     0.99029
 11927.000     0.98260
 11927.200     0.98089
 11927.400     0.98548
 11927.600     0.98603
 11927.800     0.98235
 11928.000     0.99007
 11928.200     0.99787
 11928.400     0.99954
 11928.600     0.99966
 11928.800     0.99967
 11929.000     0.99896
 11929.200     0.99751
 11929.400     0.99735
 11929.600     0.99881
 11929.800     0.99950
 11930.000     0.99896
 11930.200     0.99847
 11930.400     0.99899
 11930.600     0.99970
 11930.800     0.99993
 11931.000     0.99985
 11931.200     0.99978
 11931.400     0.99986
 11931.600     0.99996
 11931.800     1.00000
 11932.000     1.00000
 11932.200     1.00000
 11932.400     1.00000
 11932.600     0.99999
 11932.800     0.99986
 11933.000     0.99920
 11933.200     0.99842
 11933.400     0.99826
 11933.600     0.99796
 11933.800     0.99860
 11934.000     0.99957
 11934.200     0.99986
 11934.400     0.99940
 11934.600     0.99847
 11934.800     0.99694
 11935.000     0.99542
 11935.200     0.99627
 11935.400     0.99704
 11935.600     0.99854
 11935.800     0.99970
 11936.000     0.99983
 11936.200     0.99962
 11936.400     0.99936
 11936.600     0.99789
 11936.800     0.98853
 11937.000     0.96828
 11937.200     0.95984
 11937.400     0.97771
 11937.600     0.99406
 11937.800     0.99886
 11938.000     0.99960
 11938.200     0.99977
 11938.400     0.99973
 11938.600     0.99955
 11938.800     0.99969
 11939.000     0.99989
 11939.200     0.99995
 11939.400     0.99994
 11939.600     0.99975
 11939.800     0.99938
 11940.000     0.99932
 11940.200     0.99940
 11940.400     0.99920
 11940.600     0.99918
 11940.800     0.99893
 11941.000     0.99453
 11941.200     0.98060
 11941.400     0.97156
 11941.600     0.98506
 11941.800     0.99587
 11942.000     0.99717
 11942.200     0.99619
 11942.400     0.99446
 11942.600     0.99615
 11942.800     0.99870
 11943.000     0.99832
 11943.200     0.99260
 11943.400     0.98734
 11943.600     0.99295
 11943.800     0.99833
 11944.000     0.99925
 11944.200     0.99913
 11944.400     0.99941
 11944.600     0.99974
 11944.800     0.99961
 11945.000     0.99926
 11945.200     0.99930
 11945.400     0.99929
 11945.600     0.99927
 11945.800     0.99952
 11946.000     0.99960
 11946.200     0.99927
 11946.400     0.99858
 11946.600     0.99826
 11946.800     0.99843
 11947.000     0.99903
 11947.200     0.99882
 11947.400     0.99534
 11947.600     0.99018
 11947.800     0.99140
 11948.000     0.99630
 11948.200     0.99886
 11948.400     0.99926
 11948.600     0.99894
 11948.800     0.99751
 11949.000     0.99188
 11949.200     0.96979
 11949.400     0.87811
 11949.600     0.71959
 11949.800     0.69816
 11950.000     0.85374
 11950.200     0.96682
 11950.400     0.99423
 11950.600     0.99815
 11950.800     0.99891
 11951.000     0.99883
 11951.200     0.99787
 11951.400     0.99711
 11951.600     0.99821
 11951.800     0.99827
 11952.000     0.99720
 11952.200     0.99795
 11952.400     0.99931
 11952.600     0.99988
 11952.800     0.99999
 11953.000     0.99999
 11953.200     0.99994
 11953.400     0.99976
 11953.600     0.99917
 11953.800     0.99841
 11954.000     0.99626
 11954.200     0.98309
 11954.400     0.96872
 11954.600     0.98108
 11954.800     0.99584
 11955.000     0.99951
 11955.200     0.99945
 11955.400     0.99803
 11955.600     0.98970
 11955.800     0.95986
 11956.000     0.93669
 11956.200     0.96541
 11956.400     0.99132
 11956.600     0.99706
 11956.800     0.99841
 11957.000     0.99910
 11957.200     0.99965
 11957.400     0.99976
 11957.600     0.99935
 11957.800     0.99859
 11958.000     0.99809
 11958.200     0.99766
 11958.400     0.99257
 11958.600     0.98442
 11958.800     0.98640
 11959.000     0.99110
 11959.200     0.97628
 11959.400     0.95777
 11959.600     0.97525
 11959.800     0.99469
 11960.000     0.99892
 11960.200     0.99926
 11960.400     0.99967
 11960.600     0.99985
 11960.800     0.99942
 11961.000     0.99884
 11961.200     0.99888
 11961.400     0.99817
 11961.600     0.99714
 11961.800     0.99844
 11962.000     0.99972
 11962.200     0.99980
 11962.400     0.99918
 11962.600     0.99824
 11962.800     0.99784
 11963.000     0.99703
 11963.200     0.99400
 11963.400     0.99254
 11963.600     0.99631
 11963.800     0.99920
 11964.000     0.99922
 11964.200     0.99840
 11964.400     0.99801
 11964.600     0.99749
 11964.800     0.99750
 11965.000     0.99835
 11965.200     0.99871
 11965.400     0.99872
 11965.600     0.99872
 11965.800     0.99923
 11966.000     0.99860
 11966.200     0.99460
 11966.400     0.99133
 11966.600     0.99485
 11966.800     0.99780
 11967.000     0.99817
 11967.200     0.99846
 11967.400     0.99913
 11967.600     0.99966
 11967.800     0.99962
 11968.000     0.99934
 11968.200     0.99946
 11968.400     0.99951
 11968.600     0.99905
 11968.800     0.99870
 11969.000     0.99900
 11969.200     0.99792
 11969.400     0.99615
 11969.600     0.99717
 11969.800     0.99715
 11970.000     0.98512
 11970.200     0.95374
 11970.400     0.92970
 11970.600     0.94654
 11970.800     0.97987
 11971.000     0.99281
 11971.200     0.98870
 11971.400     0.98421
 11971.600     0.98842
 11971.800     0.99147
 11972.000     0.99237
 11972.200     0.99204
 11972.400     0.98348
 11972.600     0.92006
 11972.800     0.73054
 11973.000     0.52496
 11973.200     0.58154
 11973.400     0.82237
 11973.600     0.92615
 11973.800     0.91479
 11974.000     0.94707
 11974.200     0.98482
 11974.400     0.99590
 11974.600     0.99769
 11974.800     0.99348
 11975.000     0.97873
 11975.200     0.96737
 11975.400     0.97830
 11975.600     0.99104
 11975.800     0.99626
 11976.000     0.99627
 11976.200     0.99400
 11976.400     0.99455
 11976.600     0.99721
 11976.800     0.99854
 11977.000     0.99863
 11977.200     0.99887
 11977.400     0.99878
 11977.600     0.99841
 11977.800     0.99824
 11978.000     0.99847
 11978.200     0.99848
 11978.400     0.99793
 11978.600     0.99819
 11978.800     0.99813
 11979.000     0.99797
 11979.200     0.99904
 11979.400     0.99985
 11979.600     0.99997
 11979.800     0.99992
 11980.000     0.99979
 11980.200     0.99914
 11980.400     0.99826
 11980.600     0.99837
 11980.800     0.99883
 11981.000     0.99922
 11981.200     0.99929
 11981.400     0.99804
 11981.600     0.99210
 11981.800     0.98584
 11982.000     0.98987
 11982.200     0.99477
 11982.400     0.99600
 11982.600     0.99565
 11982.800     0.99379
 11983.000     0.99059
 11983.200     0.98756
 11983.400     0.98200
 11983.600     0.95417
 11983.800     0.83557
 11984.000     0.61934
 11984.200     0.50794
 11984.400     0.62244
 11984.600     0.83769
 11984.800     0.95480
 11985.000     0.98292
 11985.200     0.98928
 11985.400     0.99198
 11985.600     0.99462
 11985.800     0.99627
 11986.000     0.99611
 11986.200     0.99462
 11986.400     0.99441
 11986.600     0.99526
 11986.800     0.98940
 11987.000     0.97566
 11987.200     0.97353
 11987.400     0.98750
 11987.600     0.99549
 11987.800     0.99414
 11988.000     0.98163
 11988.200     0.96803
 11988.400     0.97998
 11988.600     0.98943
 11988.800     0.98013
 11989.000     0.97265
 11989.200     0.98171
 11989.400     0.97864
 11989.600     0.96999
 11989.800     0.98346
 11990.000     0.99218
 11990.200     0.97665
 11990.400     0.95920
 11990.600     0.97371
 11990.800     0.98075
 11991.000     0.95268
 11991.200     0.83814
 11991.400     0.62988
 11991.600     0.55185
 11991.800     0.69516
 11992.000     0.88675
 11992.200     0.97415
 11992.400     0.99179
 11992.600     0.99558
 11992.800     0.99669
 11993.000     0.99278
 11993.200     0.97560
 11993.400     0.96186
 11993.600     0.97943
 11993.800     0.99466
 11994.000     0.99542
 11994.200     0.99474
 11994.400     0.99248
 11994.600     0.97217
 11994.800     0.94528
 11995.000     0.95457
 11995.200     0.98037
 11995.400     0.99406
 11995.600     0.99722
 11995.800     0.99864
 11996.000     0.99970
 11996.200     0.99994
 11996.400     0.99992
 11996.600     0.99974
 11996.800     0.99881
 11997.000     0.99742
 11997.200     0.99761
 11997.400     0.99858
 11997.600     0.99786
 11997.800     0.99538
 11998.000     0.99347
 11998.200     0.99395
 11998.400     0.99593
 11998.600     0.99843
 11998.800     0.99974
 11999.000     0.99995
 11999.200     0.99990
 11999.400     0.99986
 11999.600     0.99988
 11999.800     0.99992
 12000.000     0.99997
 12000.200     0.99999
 12000.400     0.99994
 12000.600     0.99915
 12000.800     0.99560
 12001.000     0.99239
 12001.200     0.99591
 12001.400     0.99922
 12001.600     0.99939
 12001.800     0.99871
 12002.000     0.99807
 12002.200     0.99647
 12002.400     0.99508
 12002.600     0.99640
 12002.800     0.99761
 12003.000     0.99855
 12003.200     0.99815
 12003.400     0.99653
 12003.600     0.99575
 12003.800     0.99228
 12004.000     0.97542
 12004.200     0.95969
 12004.400     0.97731
 12004.600     0.99430
 12004.800     0.99703
 12005.000     0.98410
 12005.200     0.91626
 12005.400     0.82724
 12005.600     0.85945
 12005.800     0.95043
 12006.000     0.98741
 12006.200     0.98823
 12006.400     0.99244
 12006.600     0.99783
 12006.800     0.99909
 12007.000     0.99813
 12007.200     0.99709
 12007.400     0.99743
 12007.600     0.99864
 12007.800     0.99955
 12008.000     0.99984
 12008.200     0.99965
 12008.400     0.99913
 12008.600     0.99903
 12008.800     0.99952
 12009.000     0.99970
 12009.200     0.99949
 12009.400     0.99739
 12009.600     0.98516
 12009.800     0.97159
 12010.000     0.98132
 12010.200     0.98963
 12010.400     0.97186
 12010.600     0.95251
 12010.800     0.97451
 12011.000     0.99583
 12011.200     0.99970
 12011.400     0.99945
 12011.600     0.99875
 12011.800     0.99869
 12012.000     0.99816
 12012.200     0.99671
 12012.400     0.99563
 12012.600     0.99431
 12012.800     0.99510
 12013.000     0.99734
 12013.200     0.99882
 12013.400     0.99915
 12013.600     0.99644
 12013.800     0.98507
 12014.000     0.97560
 12014.200     0.98668
 12014.400     0.99686
 12014.600     0.99819
 12014.800     0.99804
 12015.000     0.99907
 12015.200     0.99985
 12015.400     0.99994
 12015.600     0.99952
 12015.800     0.99814
 12016.000     0.99711
 12016.200     0.99731
 12016.400     0.99311
 12016.600     0.98823
 12016.800     0.99341
 12017.000     0.99853
 12017.200     0.99921
 12017.400     0.99825
 12017.600     0.99695
 12017.800     0.99716
 12018.000     0.99724
 12018.200     0.99695
 12018.400     0.99698
 12018.600     0.99858
 12018.800     0.99969
 12019.000     0.99947
 12019.200     0.99876
 12019.400     0.99842
 12019.600     0.99857
 12019.800     0.99898
 12020.000     0.99927
 12020.200     0.99905
 12020.400     0.99816
 12020.600     0.99754
 12020.800     0.99856
 12021.000     0.99959
 12021.200     0.99982
 12021.400     0.99917
 12021.600     0.99724
 12021.800     0.99572
 12022.000     0.99636
 12022.200     0.99659
 12022.400     0.99159
 12022.600     0.97926
 12022.800     0.97573
 12023.000     0.98825
 12023.200     0.99696
 12023.400     0.99521
 12023.600     0.97993
 12023.800     0.96601
 12024.000     0.98107
 12024.200     0.99598
 12024.400     0.99908
 12024.600     0.99940
 12024.800     0.99901
 12025.000     0.99595
 12025.200     0.99172
 12025.400     0.99302
 12025.600     0.99744
 12025.800     0.99961
 12026.000     0.99995
 12026.200     0.99993
 12026.400     0.99979
 12026.600     0.99945
 12026.800     0.99921
 12027.000     0.99894
 12027.200     0.99813
 12027.400     0.99724
 12027.600     0.99252
 12027.800     0.97076
 12028.000     0.94968
 12028.200     0.96978
 12028.400     0.99283
 12028.600     0.99860
 12028.800     0.99892
 12029.000     0.99840
 12029.200     0.99751
 12029.400     0.99674
 12029.600     0.99598
 12029.800     0.99496
 12030.000     0.99351
 12030.200     0.99127
 12030.400     0.98738
 12030.600     0.97901
 12030.800     0.95681
 12031.000     0.89312
 12031.200     0.73684
 12031.400     0.54356
 12031.600     0.53816
 12031.800     0.72884
 12032.000     0.89424
 12032.200     0.96004
 12032.400     0.97930
 12032.600     0.98653
 12032.800     0.99039
 12033.000     0.99231
 12033.200     0.99301
 12033.400     0.99389
 12033.600     0.99562
 12033.800     0.99688
 12034.000     0.99709
 12034.200     0.99732
 12034.400     0.99860
 12034.600     0.99955
 12034.800     0.99881
 12035.000     0.99546
 12035.200     0.99294
 12035.400     0.99572
 12035.600     0.99682
 12035.800     0.99451
 12036.000     0.99440
 12036.200     0.99646
 12036.400     0.99865
 12036.600     0.99974
 12036.800     0.99997
 12037.000     0.99993
 12037.200     0.99987
 12037.400     0.99993
 12037.600     0.99995
 12037.800     0.99978
 12038.000     0.99954
 12038.200     0.99931
 12038.400     0.99528
 12038.600     0.97769
 12038.800     0.96230
 12039.000     0.97958
 12039.200     0.99536
 12039.400     0.98559
 12039.600     0.92531
 12039.800     0.86208
 12040.000     0.91098
 12040.200     0.97716
 12040.400     0.99668
 12040.600     0.99791
 12040.800     0.99741
 12041.000     0.99827
 12041.200     0.99872
 12041.400     0.99663
 12041.600     0.98920
 12041.800     0.98295
 12042.000     0.98956
 12042.200     0.99595
 12042.400     0.99764
 12042.600     0.99880
 12042.800     0.99914
 12043.000     0.99841
 12043.200     0.99812
 12043.400     0.99873
 12043.600     0.99703
 12043.800     0.98948
 12044.000     0.97548
 12044.200     0.96912
 12044.400     0.98303
 12044.600     0.98990
 12044.800     0.98255
 12045.000     0.97484
 12045.200     0.97391
 12045.400     0.98618
 12045.600     0.99532
 12045.800     0.99623
 12046.000     0.99477
 12046.200     0.99651
 12046.400     0.99855
 12046.600     0.99880
 12046.800     0.99914
 12047.000     0.99969
 12047.200     0.99994
 12047.400     0.99998
 12047.600     0.99980
 12047.800     0.99884
 12048.000     0.99722
 12048.200     0.99675
 12048.400     0.99694
 12048.600     0.99666
 12048.800     0.99779
 12049.000     0.99902
 12049.200     0.99931
 12049.400     0.99954
 12049.600     1.00000
 12049.800     1.00000
 12050.000     1.00000
