the number of points per synthesis =   1201
start =  11560.000     stop =  11800.000     step =      0.200
 11560.000     1.00000
 11560.200     1.00000
 11560.400     1.00000
 11560.600     0.99691
 11560.800     0.99437
 11561.000     0.99696
 11561.200     0.99939
 11561.400     0.99986
 11561.600     0.99996
 11561.800     0.99994
 11562.000     0.99988
 11562.200     0.99980
 11562.400     0.99949
 11562.600     0.99920
 11562.800     0.99957
 11563.000     0.99992
 11563.200     0.99999
 11563.400     1.00000
 11563.600     1.00000
 11563.800     1.00000
 11564.000     1.00000
 11564.200     0.99992
 11564.400     0.99940
 11564.600     0.99820
 11564.800     0.99717
 11565.000     0.99328
 11565.200     0.96770
 11565.400     0.93485
 11565.600     0.94608
 11565.800     0.96349
 11566.000     0.98039
 11566.200     0.99207
 11566.400     0.99618
 11566.600     0.99827
 11566.800     0.99902
 11567.000     0.99942
 11567.200     0.99963
 11567.400     0.99945
 11567.600     0.99836
 11567.800     0.99694
 11568.000     0.99583
 11568.200     0.99029
 11568.400     0.98613
 11568.600     0.99311
 11568.800     0.99876
 11569.000     0.99949
 11569.200     0.99897
 11569.400     0.99770
 11569.600     0.99520
 11569.800     0.99391
 11570.000     0.99638
 11570.200     0.99866
 11570.400     0.99935
 11570.600     0.99945
 11570.800     0.99957
 11571.000     0.99918
 11571.200     0.99721
 11571.400     0.99555
 11571.600     0.99641
 11571.800     0.99264
 11572.000     0.98192
 11572.200     0.94899
 11572.400     0.87350
 11572.600     0.85277
 11572.800     0.93473
 11573.000     0.99029
 11573.200     0.99890
 11573.400     0.99898
 11573.600     0.99940
 11573.800     0.99981
 11574.000     0.99989
 11574.200     0.99980
 11574.400     0.99908
 11574.600     0.99663
 11574.800     0.98949
 11575.000     0.97170
 11575.200     0.96046
 11575.400     0.97840
 11575.600     0.98987
 11575.800     0.99032
 11576.000     0.99401
 11576.200     0.99825
 11576.400     0.99979
 11576.600     0.99995
 11576.800     0.99980
 11577.000     0.99960
 11577.200     0.99950
 11577.400     0.99912
 11577.600     0.99339
 11577.800     0.96222
 11578.000     0.93091
 11578.200     0.96250
 11578.400     0.99319
 11578.600     0.99894
 11578.800     0.99969
 11579.000     0.99988
 11579.200     0.99982
 11579.400     0.99970
 11579.600     0.99962
 11579.800     0.99893
 11580.000     0.99409
 11580.200     0.98477
 11580.400     0.98380
 11580.600     0.99306
 11580.800     0.99852
 11581.000     0.99938
 11581.200     0.99970
 11581.400     0.99945
 11581.600     0.99663
 11581.800     0.98613
 11582.000     0.97724
 11582.200     0.98796
 11582.400     0.99772
 11582.600     0.99931
 11582.800     0.99932
 11583.000     0.99951
 11583.200     0.99975
 11583.400     0.99984
 11583.600     0.99986
 11583.800     0.99980
 11584.000     0.99966
 11584.200     0.99899
 11584.400     0.99286
 11584.600     0.97016
 11584.800     0.94669
 11585.000     0.94750
 11585.200     0.94695
 11585.400     0.94992
 11585.600     0.95042
 11585.800     0.97614
 11586.000     0.99629
 11586.200     0.99961
 11586.400     0.99946
 11586.600     0.99915
 11586.800     0.99920
 11587.000     0.99909
 11587.200     0.99883
 11587.400     0.99872
 11587.600     0.99710
 11587.800     0.99334
 11588.000     0.99171
 11588.200     0.99096
 11588.400     0.96654
 11588.600     0.92796
 11588.800     0.94095
 11589.000     0.97998
 11589.200     0.99713
 11589.400     0.99708
 11589.600     0.98385
 11589.800     0.95482
 11590.000     0.93201
 11590.200     0.93174
 11590.400     0.94506
 11590.600     0.95894
 11590.800     0.95807
 11591.000     0.96120
 11591.200     0.89212
 11591.400     0.76904
 11591.600     0.79860
 11591.800     0.91606
 11592.000     0.91020
 11592.200     0.80664
 11592.400     0.81569
 11592.600     0.92244
 11592.800     0.96162
 11593.000     0.93843
 11593.200     0.89082
 11593.400     0.75191
 11593.600     0.66183
 11593.800     0.80397
 11594.000     0.94618
 11594.200     0.97805
 11594.400     0.94823
 11594.600     0.92089
 11594.800     0.95996
 11595.000     0.99333
 11595.200     0.99898
 11595.400     0.99918
 11595.600     0.99767
 11595.800     0.99619
 11596.000     0.99800
 11596.200     0.99963
 11596.400     0.99940
 11596.600     0.99585
 11596.800     0.98994
 11597.000     0.99047
 11597.200     0.99619
 11597.400     0.99907
 11597.600     0.99954
 11597.800     0.99983
 11598.000     0.99995
 11598.200     0.99988
 11598.400     0.99968
 11598.600     0.99951
 11598.800     0.99958
 11599.000     0.99964
 11599.200     0.99966
 11599.400     0.99978
 11599.600     0.99965
 11599.800     0.99778
 11600.000     0.98959
 11600.200     0.97591
 11600.400     0.96008
 11600.600     0.95107
 11600.800     0.97554
 11601.000     0.99478
 11601.200     0.99743
 11601.400     0.99103
 11601.600     0.96692
 11601.800     0.94765
 11602.000     0.97275
 11602.200     0.99512
 11602.400     0.99896
 11602.600     0.99621
 11602.800     0.98952
 11603.000     0.98693
 11603.200     0.98608
 11603.400     0.95889
 11603.600     0.93035
 11603.800     0.96287
 11604.000     0.99321
 11604.200     0.99874
 11604.400     0.99960
 11604.600     0.99995
 11604.800     0.99999
 11605.000     0.99997
 11605.200     0.99987
 11605.400     0.99963
 11605.600     0.99937
 11605.800     0.99942
 11606.000     0.99916
 11606.200     0.99589
 11606.400     0.98619
 11606.600     0.98002
 11606.800     0.98855
 11607.000     0.97967
 11607.200     0.87164
 11607.400     0.65171
 11607.600     0.58977
 11607.800     0.78576
 11608.000     0.94444
 11608.200     0.97472
 11608.400     0.97160
 11608.600     0.98485
 11608.800     0.99411
 11609.000     0.99515
 11609.200     0.99438
 11609.400     0.98040
 11609.600     0.92423
 11609.800     0.87458
 11610.000     0.92433
 11610.200     0.93843
 11610.400     0.83817
 11610.600     0.75413
 11610.800     0.76240
 11611.000     0.69985
 11611.200     0.74129
 11611.400     0.89575
 11611.600     0.95851
 11611.800     0.94926
 11612.000     0.96851
 11612.200     0.99174
 11612.400     0.99839
 11612.600     0.99889
 11612.800     0.99543
 11613.000     0.98821
 11613.200     0.98674
 11613.400     0.99420
 11613.600     0.99902
 11613.800     0.99961
 11614.000     0.99837
 11614.200     0.99151
 11614.400     0.98211
 11614.600     0.98520
 11614.800     0.99441
 11615.000     0.99744
 11615.200     0.99577
 11615.400     0.98825
 11615.600     0.96042
 11615.800     0.93833
 11616.000     0.96890
 11616.200     0.99534
 11616.400     0.99971
 11616.600     0.99830
 11616.800     0.98895
 11617.000     0.97886
 11617.200     0.98517
 11617.400     0.98464
 11617.600     0.97992
 11617.800     0.98892
 11618.000     0.99585
 11618.200     0.99794
 11618.400     0.99921
 11618.600     0.99849
 11618.800     0.98599
 11619.000     0.92735
 11619.200     0.84054
 11619.400     0.84911
 11619.600     0.93864
 11619.800     0.98923
 11620.000     0.99660
 11620.200     0.99289
 11620.400     0.97602
 11620.600     0.95991
 11620.800     0.97895
 11621.000     0.99610
 11621.200     0.99893
 11621.400     0.99935
 11621.600     0.99966
 11621.800     0.99929
 11622.000     0.99758
 11622.200     0.99567
 11622.400     0.99601
 11622.600     0.99719
 11622.800     0.99771
 11623.000     0.99867
 11623.200     0.99959
 11623.400     0.99989
 11623.600     0.99978
 11623.800     0.99963
 11624.000     0.99970
 11624.200     0.99963
 11624.400     0.99940
 11624.600     0.99910
 11624.800     0.99776
 11625.000     0.99567
 11625.200     0.99578
 11625.400     0.99821
 11625.600     0.99966
 11625.800     0.99950
 11626.000     0.99761
 11626.200     0.99204
 11626.400     0.97243
 11626.600     0.95348
 11626.800     0.97534
 11627.000     0.99459
 11627.200     0.98918
 11627.400     0.96752
 11627.600     0.95786
 11627.800     0.97982
 11628.000     0.99432
 11628.200     0.98919
 11628.400     0.95651
 11628.600     0.86973
 11628.800     0.79066
 11629.000     0.83617
 11629.200     0.94088
 11629.400     0.98443
 11629.600     0.96244
 11629.800     0.93401
 11630.000     0.96302
 11630.200     0.99231
 11630.400     0.99618
 11630.600     0.98033
 11630.800     0.94144
 11631.000     0.92595
 11631.200     0.96436
 11631.400     0.99346
 11631.600     0.99910
 11631.800     0.99949
 11632.000     0.99907
 11632.200     0.99833
 11632.400     0.99793
 11632.600     0.99805
 11632.800     0.99799
 11633.000     0.99680
 11633.200     0.98699
 11633.400     0.97699
 11633.600     0.98773
 11633.800     0.99751
 11634.000     0.99879
 11634.200     0.99890
 11634.400     0.99726
 11634.600     0.99522
 11634.800     0.99733
 11635.000     0.99877
 11635.200     0.99840
 11635.400     0.99910
 11635.600     0.99981
 11635.800     0.99992
 11636.000     0.99990
 11636.200     0.99990
 11636.400     0.99990
 11636.600     0.99987
 11636.800     0.99980
 11637.000     0.99969
 11637.200     0.99954
 11637.400     0.99922
 11637.600     0.99720
 11637.800     0.97258
 11638.000     0.83290
 11638.200     0.60963
 11638.400     0.61670
 11638.600     0.81983
 11638.800     0.95510
 11639.000     0.99273
 11639.200     0.99891
 11639.400     0.99956
 11639.600     0.99938
 11639.800     0.99677
 11640.000     0.98466
 11640.200     0.97316
 11640.400     0.97803
 11640.600     0.93636
 11640.800     0.82269
 11641.000     0.78816
 11641.200     0.90310
 11641.400     0.97717
 11641.600     0.95673
 11641.800     0.92361
 11642.000     0.95783
 11642.200     0.99225
 11642.400     0.99922
 11642.600     0.99981
 11642.800     0.99977
 11643.000     0.99940
 11643.200     0.99845
 11643.400     0.99776
 11643.600     0.99887
 11643.800     0.99917
 11644.000     0.99481
 11644.200     0.98593
 11644.400     0.98442
 11644.600     0.99325
 11644.800     0.99896
 11645.000     0.99992
 11645.200     0.99984
 11645.400     0.99895
 11645.600     0.99792
 11645.800     0.99871
 11646.000     0.99970
 11646.200     0.99993
 11646.400     0.99979
 11646.600     0.99914
 11646.800     0.99654
 11647.000     0.99401
 11647.200     0.99657
 11647.400     0.99632
 11647.600     0.97559
 11647.800     0.92131
 11648.000     0.88967
 11648.200     0.93500
 11648.400     0.97977
 11648.600     0.98880
 11648.800     0.98448
 11649.000     0.97956
 11649.200     0.98650
 11649.400     0.99443
 11649.600     0.99546
 11649.800     0.99519
 11650.000     0.99720
 11650.200     0.99718
 11650.400     0.99540
 11650.600     0.99602
 11650.800     0.99761
 11651.000     0.99843
 11651.200     0.99854
 11651.400     0.99838
 11651.600     0.99884
 11651.800     0.99919
 11652.000     0.99909
 11652.200     0.99808
 11652.400     0.98551
 11652.600     0.93410
 11652.800     0.86884
 11653.000     0.87168
 11653.200     0.91826
 11653.400     0.96973
 11653.600     0.99498
 11653.800     0.99946
 11654.000     0.99976
 11654.200     0.99966
 11654.400     0.99920
 11654.600     0.99847
 11654.800     0.99624
 11655.000     0.98454
 11655.200     0.97209
 11655.400     0.98289
 11655.600     0.99527
 11655.800     0.99835
 11656.000     0.99846
 11656.200     0.99277
 11656.400     0.96470
 11656.600     0.93873
 11656.800     0.96762
 11657.000     0.99380
 11657.200     0.99765
 11657.400     0.99810
 11657.600     0.99868
 11657.800     0.99886
 11658.000     0.99847
 11658.200     0.99463
 11658.400     0.96481
 11658.600     0.88103
 11658.800     0.80976
 11659.000     0.85387
 11659.200     0.92223
 11659.400     0.87425
 11659.600     0.76437
 11659.800     0.77789
 11660.000     0.90223
 11660.200     0.97988
 11660.400     0.99573
 11660.600     0.98935
 11660.800     0.98008
 11661.000     0.98750
 11661.200     0.99635
 11661.400     0.99771
 11661.600     0.99714
 11661.800     0.99682
 11662.000     0.99615
 11662.200     0.99149
 11662.400     0.96512
 11662.600     0.92955
 11662.800     0.94501
 11663.000     0.98021
 11663.200     0.99563
 11663.400     0.99903
 11663.600     0.99978
 11663.800     0.99983
 11664.000     0.99961
 11664.200     0.99886
 11664.400     0.99789
 11664.600     0.99848
 11664.800     0.99955
 11665.000     0.99989
 11665.200     0.99981
 11665.400     0.99957
 11665.600     0.99742
 11665.800     0.98423
 11666.000     0.96266
 11666.200     0.95584
 11666.400     0.96255
 11666.600     0.98347
 11666.800     0.99671
 11667.000     0.99826
 11667.200     0.99633
 11667.400     0.99158
 11667.600     0.98665
 11667.800     0.99183
 11668.000     0.99430
 11668.200     0.97630
 11668.400     0.94979
 11668.600     0.95880
 11668.800     0.98146
 11669.000     0.98877
 11669.200     0.95529
 11669.400     0.85329
 11669.600     0.76458
 11669.800     0.81749
 11670.000     0.93433
 11670.200     0.98862
 11670.400     0.99524
 11670.600     0.99449
 11670.800     0.99689
 11671.000     0.99906
 11671.200     0.99888
 11671.400     0.99437
 11671.600     0.98618
 11671.800     0.98561
 11672.000     0.99405
 11672.200     0.99908
 11672.400     0.99956
 11672.600     0.99934
 11672.800     0.99961
 11673.000     0.99985
 11673.200     0.99983
 11673.400     0.99928
 11673.600     0.99278
 11673.800     0.95536
 11674.000     0.88308
 11674.200     0.86545
 11674.400     0.93407
 11674.600     0.98628
 11674.800     0.99762
 11675.000     0.99771
 11675.200     0.99832
 11675.400     0.99924
 11675.600     0.99884
 11675.800     0.99745
 11676.000     0.99601
 11676.200     0.99446
 11676.400     0.99483
 11676.600     0.99717
 11676.800     0.99873
 11677.000     0.99943
 11677.200     0.99956
 11677.400     0.99880
 11677.600     0.99550
 11677.800     0.98838
 11678.000     0.98508
 11678.200     0.99230
 11678.400     0.99802
 11678.600     0.99823
 11678.800     0.99695
 11679.000     0.99775
 11679.200     0.99903
 11679.400     0.99875
 11679.600     0.99787
 11679.800     0.99713
 11680.000     0.99396
 11680.200     0.98020
 11680.400     0.96290
 11680.600     0.97525
 11680.800     0.99353
 11681.000     0.99911
 11681.200     0.99749
 11681.400     0.98522
 11681.600     0.97242
 11681.800     0.98427
 11682.000     0.99569
 11682.200     0.99877
 11682.400     0.99977
 11682.600     0.99994
 11682.800     0.99944
 11683.000     0.99657
 11683.200     0.99367
 11683.400     0.99619
 11683.600     0.99319
 11683.800     0.96619
 11684.000     0.94033
 11684.200     0.96822
 11684.400     0.99411
 11684.600     0.99865
 11684.800     0.99953
 11685.000     0.99992
 11685.200     0.99984
 11685.400     0.99948
 11685.600     0.99886
 11685.800     0.99664
 11686.000     0.99427
 11686.200     0.99679
 11686.400     0.99916
 11686.600     0.99936
 11686.800     0.99913
 11687.000     0.99883
 11687.200     0.99929
 11687.400     0.99958
 11687.600     0.99882
 11687.800     0.99796
 11688.000     0.99852
 11688.200     0.99935
 11688.400     0.99928
 11688.600     0.99627
 11688.800     0.98695
 11689.000     0.98045
 11689.200     0.98813
 11689.400     0.97980
 11689.600     0.87484
 11689.800     0.65024
 11690.000     0.53049
 11690.200     0.65462
 11690.400     0.86300
 11690.600     0.97088
 11690.800     0.99267
 11691.000     0.99310
 11691.200     0.99306
 11691.400     0.99657
 11691.600     0.99909
 11691.800     0.99964
 11692.000     0.99950
 11692.200     0.99803
 11692.400     0.99647
 11692.600     0.99791
 11692.800     0.99777
 11693.000     0.99174
 11693.200     0.98666
 11693.400     0.99212
 11693.600     0.99532
 11693.800     0.98823
 11694.000     0.97282
 11694.200     0.96993
 11694.400     0.98704
 11694.600     0.99782
 11694.800     0.99747
 11695.000     0.99492
 11695.200     0.99554
 11695.400     0.99022
 11695.600     0.96428
 11695.800     0.94485
 11696.000     0.97243
 11696.200     0.99588
 11696.400     0.99978
 11696.600     0.99989
 11696.800     0.99966
 11697.000     0.99942
 11697.200     0.99945
 11697.400     0.99946
 11697.600     0.99968
 11697.800     0.99982
 11698.000     0.99968
 11698.200     0.99888
 11698.400     0.99746
 11698.600     0.99749
 11698.800     0.99889
 11699.000     0.99954
 11699.200     0.99905
 11699.400     0.99549
 11699.600     0.98032
 11699.800     0.93914
 11700.000     0.85137
 11700.200     0.78138
 11700.400     0.85328
 11700.600     0.95648
 11700.800     0.99451
 11701.000     0.99918
 11701.200     0.99930
 11701.400     0.99963
 11701.600     0.99990
 11701.800     0.99983
 11702.000     0.99900
 11702.200     0.99807
 11702.400     0.99829
 11702.600     0.99729
 11702.800     0.99466
 11703.000     0.99382
 11703.200     0.99716
 11703.400     0.99952
 11703.600     0.99991
 11703.800     0.99997
 11704.000     1.00000
 11704.200     1.00000
 11704.400     1.00000
 11704.600     0.99999
 11704.800     0.99995
 11705.000     0.99991
 11705.200     0.99991
 11705.400     0.99968
 11705.600     0.99938
 11705.800     0.99947
 11706.000     0.99871
 11706.200     0.99607
 11706.400     0.99408
 11706.600     0.99487
 11706.800     0.99565
 11707.000     0.99770
 11707.200     0.99947
 11707.400     0.99973
 11707.600     0.99858
 11707.800     0.99630
 11708.000     0.99005
 11708.200     0.97428
 11708.400     0.96814
 11708.600     0.98498
 11708.800     0.99677
 11709.000     0.99914
 11709.200     0.99976
 11709.400     0.99966
 11709.600     0.99903
 11709.800     0.99801
 11710.000     0.99748
 11710.200     0.99869
 11710.400     0.99936
 11710.600     0.99929
 11710.800     0.99966
 11711.000     0.99995
 11711.200     0.99998
 11711.400     0.99952
 11711.600     0.99364
 11711.800     0.96603
 11712.000     0.93916
 11712.200     0.96437
 11712.400     0.98870
 11712.600     0.99428
 11712.800     0.99511
 11713.000     0.99471
 11713.200     0.99701
 11713.400     0.99927
 11713.600     0.99991
 11713.800     0.99997
 11714.000     0.99995
 11714.200     0.99978
 11714.400     0.99757
 11714.600     0.98766
 11714.800     0.97525
 11715.000     0.97863
 11715.200     0.98329
 11715.400     0.97727
 11715.600     0.98189
 11715.800     0.99385
 11716.000     0.99923
 11716.200     0.99997
 11716.400     1.00000
 11716.600     0.99998
 11716.800     0.99981
 11717.000     0.99924
 11717.200     0.99785
 11717.400     0.99213
 11717.600     0.98467
 11717.800     0.98901
 11718.000     0.99629
 11718.200     0.99618
 11718.400     0.99219
 11718.600     0.99299
 11718.800     0.99724
 11719.000     0.99951
 11719.200     0.99987
 11719.400     0.99974
 11719.600     0.99935
 11719.800     0.99913
 11720.000     0.99946
 11720.200     0.99982
 11720.400     0.99972
 11720.600     0.99946
 11720.800     0.99952
 11721.000     0.99938
 11721.200     0.99924
 11721.400     0.99960
 11721.600     0.99972
 11721.800     0.99927
 11722.000     0.99894
 11722.200     0.99913
 11722.400     0.99548
 11722.600     0.97686
 11722.800     0.95954
 11723.000     0.97827
 11723.200     0.99258
 11723.400     0.97458
 11723.600     0.94903
 11723.800     0.96573
 11724.000     0.98986
 11724.200     0.99461
 11724.400     0.99116
 11724.600     0.99225
 11724.800     0.99709
 11725.000     0.99918
 11725.200     0.99459
 11725.400     0.97188
 11725.600     0.95114
 11725.800     0.97466
 11726.000     0.99609
 11726.200     0.99903
 11726.400     0.99784
 11726.600     0.99747
 11726.800     0.99795
 11727.000     0.99681
 11727.200     0.99527
 11727.400     0.99457
 11727.600     0.99031
 11727.800     0.98613
 11728.000     0.98976
 11728.200     0.98567
 11728.400     0.97419
 11728.600     0.98009
 11728.800     0.99291
 11729.000     0.99861
 11729.200     0.99956
 11729.400     0.99808
 11729.600     0.99497
 11729.800     0.99392
 11730.000     0.99602
 11730.200     0.99821
 11730.400     0.99895
 11730.600     0.99944
 11730.800     0.99971
 11731.000     0.99943
 11731.200     0.99824
 11731.400     0.99709
 11731.600     0.99840
 11731.800     0.99929
 11732.000     0.99849
 11732.200     0.99795
 11732.400     0.99903
 11732.600     0.99983
 11732.800     0.99975
 11733.000     0.99951
 11733.200     0.99958
 11733.400     0.99937
 11733.600     0.99890
 11733.800     0.99806
 11734.000     0.99589
 11734.200     0.99543
 11734.400     0.99792
 11734.600     0.99932
 11734.800     0.99838
 11735.000     0.99419
 11735.200     0.98653
 11735.400     0.98306
 11735.600     0.98984
 11735.800     0.99697
 11736.000     0.99903
 11736.200     0.99822
 11736.400     0.99439
 11736.600     0.97655
 11736.800     0.95768
 11737.000     0.97648
 11737.200     0.99517
 11737.400     0.99664
 11737.600     0.99396
 11737.800     0.99563
 11738.000     0.99831
 11738.200     0.99949
 11738.400     0.99976
 11738.600     0.99946
 11738.800     0.99718
 11739.000     0.98652
 11739.200     0.97296
 11739.400     0.97862
 11739.600     0.99271
 11739.800     0.99891
 11740.000     0.99969
 11740.200     0.99636
 11740.400     0.97578
 11740.600     0.95091
 11740.800     0.96697
 11741.000     0.98956
 11741.200     0.99322
 11741.400     0.99132
 11741.600     0.99497
 11741.800     0.99880
 11742.000     0.99986
 11742.200     0.99997
 11742.400     0.99992
 11742.600     0.99979
 11742.800     0.99924
 11743.000     0.99860
 11743.200     0.99877
 11743.400     0.99763
 11743.600     0.99472
 11743.800     0.99485
 11744.000     0.99797
 11744.200     0.99956
 11744.400     0.99922
 11744.600     0.99846
 11744.800     0.99861
 11745.000     0.99947
 11745.200     0.99993
 11745.400     0.99996
 11745.600     0.99982
 11745.800     0.99952
 11746.000     0.99917
 11746.200     0.99913
 11746.400     0.99918
 11746.600     0.99718
 11746.800     0.98874
 11747.000     0.98084
 11747.200     0.98750
 11747.400     0.99394
 11747.600     0.98570
 11747.800     0.92683
 11748.000     0.79495
 11748.200     0.70319
 11748.400     0.76765
 11748.600     0.90766
 11748.800     0.97827
 11749.000     0.99414
 11749.200     0.99799
 11749.400     0.99866
 11749.600     0.99870
 11749.800     0.99787
 11750.000     0.99568
 11750.200     0.99512
 11750.400     0.99717
 11750.600     0.99735
 11750.800     0.99642
 11751.000     0.99725
 11751.200     0.99490
 11751.400     0.99091
 11751.600     0.99121
 11751.800     0.97584
 11752.000     0.93441
 11752.200     0.92032
 11752.400     0.96087
 11752.600     0.98529
 11752.800     0.95881
 11753.000     0.85174
 11753.200     0.70281
 11753.400     0.68384
 11753.600     0.81557
 11753.800     0.93966
 11754.000     0.98267
 11754.200     0.97168
 11754.400     0.88784
 11754.600     0.73841
 11754.800     0.68702
 11755.000     0.79466
 11755.200     0.92902
 11755.400     0.98604
 11755.600     0.99483
 11755.800     0.99032
 11756.000     0.97869
 11756.200     0.96340
 11756.400     0.95447
 11756.600     0.97574
 11756.800     0.99383
 11757.000     0.99701
 11757.200     0.99772
 11757.400     0.99547
 11757.600     0.98847
 11757.800     0.98591
 11758.000     0.99208
 11758.200     0.99755
 11758.400     0.99931
 11758.600     0.99936
 11758.800     0.99916
 11759.000     0.99928
 11759.200     0.99638
 11759.400     0.98237
 11759.600     0.96978
 11759.800     0.98428
 11760.000     0.99749
 11760.200     0.99962
 11760.400     0.99891
 11760.600     0.99798
 11760.800     0.99869
 11761.000     0.99947
 11761.200     0.99982
 11761.400     0.99997
 11761.600     1.00000
 11761.800     0.99992
 11762.000     0.99943
 11762.200     0.99868
 11762.400     0.99875
 11762.600     0.99934
 11762.800     0.99980
 11763.000     0.99986
 11763.200     0.99921
 11763.400     0.99847
 11763.600     0.99902
 11763.800     0.99946
 11764.000     0.99946
 11764.200     0.99954
 11764.400     0.99963
 11764.600     0.99984
 11764.800     0.99990
 11765.000     0.99924
 11765.200     0.99573
 11765.400     0.99118
 11765.600     0.98845
 11765.800     0.97554
 11766.000     0.96721
 11766.200     0.98368
 11766.400     0.99549
 11766.600     0.99667
 11766.800     0.99801
 11767.000     0.99663
 11767.200     0.97968
 11767.400     0.95527
 11767.600     0.96385
 11767.800     0.98789
 11768.000     0.99819
 11768.200     0.99929
 11768.400     0.99923
 11768.600     0.99947
 11768.800     0.99947
 11769.000     0.99651
 11769.200     0.98054
 11769.400     0.93480
 11769.600     0.89429
 11769.800     0.91491
 11770.000     0.94513
 11770.200     0.97800
 11770.400     0.99618
 11770.600     0.99754
 11770.800     0.99601
 11771.000     0.99712
 11771.200     0.99906
 11771.400     0.99980
 11771.600     0.99990
 11771.800     0.99989
 11772.000     0.99979
 11772.200     0.99832
 11772.400     0.98049
 11772.600     0.88950
 11772.800     0.77863
 11773.000     0.83879
 11773.200     0.95110
 11773.400     0.99214
 11773.600     0.99670
 11773.800     0.99800
 11774.000     0.99916
 11774.200     0.99962
 11774.400     0.99979
 11774.600     0.99969
 11774.800     0.99956
 11775.000     0.99964
 11775.200     0.99980
 11775.400     0.99978
 11775.600     0.99949
 11775.800     0.99836
 11776.000     0.99715
 11776.200     0.99833
 11776.400     0.99952
 11776.600     0.99874
 11776.800     0.99218
 11777.000     0.97666
 11777.200     0.93235
 11777.400     0.84651
 11777.600     0.82694
 11777.800     0.91070
 11778.000     0.97786
 11778.200     0.99652
 11778.400     0.99900
 11778.600     0.99863
 11778.800     0.99835
 11779.000     0.99804
 11779.200     0.99650
 11779.400     0.99604
 11779.600     0.99801
 11779.800     0.99915
 11780.000     0.99883
 11780.200     0.99689
 11780.400     0.98906
 11780.600     0.98247
 11780.800     0.98998
 11781.000     0.99146
 11781.200     0.96827
 11781.400     0.94615
 11781.600     0.96614
 11781.800     0.97239
 11782.000     0.96148
 11782.200     0.97961
 11782.400     0.99568
 11782.600     0.99484
 11782.800     0.95989
 11783.000     0.81327
 11783.200     0.61040
 11783.400     0.64165
 11783.600     0.86060
 11783.800     0.97950
 11784.000     0.99823
 11784.200     0.99917
 11784.400     0.99790
 11784.600     0.99612
 11784.800     0.99698
 11785.000     0.99892
 11785.200     0.99967
 11785.400     0.99964
 11785.600     0.99956
 11785.800     0.99961
 11786.000     0.99961
 11786.200     0.99978
 11786.400     0.99995
 11786.600     0.99988
 11786.800     0.99922
 11787.000     0.99843
 11787.200     0.99826
 11787.400     0.99416
 11787.600     0.98715
 11787.800     0.98864
 11788.000     0.99513
 11788.200     0.99868
 11788.400     0.99946
 11788.600     0.99959
 11788.800     0.99976
 11789.000     0.99981
 11789.200     0.99869
 11789.400     0.99300
 11789.600     0.98668
 11789.800     0.99099
 11790.000     0.99560
 11790.200     0.99586
 11790.400     0.99761
 11790.600     0.99907
 11790.800     0.99944
 11791.000     0.99931
 11791.200     0.99928
 11791.400     0.99964
 11791.600     0.99981
 11791.800     0.99939
 11792.000     0.99874
 11792.200     0.99901
 11792.400     0.99930
 11792.600     0.99317
 11792.800     0.95564
 11793.000     0.91234
 11793.200     0.94428
 11793.400     0.98411
 11793.600     0.99395
 11793.800     0.99739
 11794.000     0.99909
 11794.200     0.99916
 11794.400     0.99956
 11794.600     0.99990
 11794.800     0.99972
 11795.000     0.99851
 11795.200     0.99595
 11795.400     0.98608
 11795.600     0.96246
 11795.800     0.95465
 11796.000     0.97967
 11796.200     0.99709
 11796.400     0.99972
 11796.600     0.99871
 11796.800     0.99476
 11797.000     0.98306
 11797.200     0.97295
 11797.400     0.98513
 11797.600     0.99591
 11797.800     0.99845
 11798.000     0.99938
 11798.200     0.99956
 11798.400     0.99928
 11798.600     0.99904
 11798.800     0.99889
 11799.000     0.99789
 11799.200     0.99654
 11799.400     0.99484
 11799.600     1.00000
 11799.800     1.00000
 11800.000     1.00000
