the number of points per synthesis =   1401
start =  12320.000     stop =  12600.000     step =      0.200
 12320.000     1.00000
 12320.200     1.00000
 12320.400     1.00000
 12320.600     0.98545
 12320.800     0.99626
 12321.000     0.99776
 12321.200     0.99705
 12321.400     0.99819
 12321.600     0.99912
 12321.800     0.99876
 12322.000     0.99803
 12322.200     0.99574
 12322.400     0.99349
 12322.600     0.99586
 12322.800     0.99863
 12323.000     0.99941
 12323.200     0.99971
 12323.400     0.99985
 12323.600     0.99979
 12323.800     0.99947
 12324.000     0.99906
 12324.200     0.99887
 12324.400     0.99885
 12324.600     0.99813
 12324.800     0.99309
 12325.000     0.98449
 12325.200     0.98353
 12325.400     0.99215
 12325.600     0.99799
 12325.800     0.99929
 12326.000     0.99907
 12326.200     0.99794
 12326.400     0.99724
 12326.600     0.99787
 12326.800     0.99897
 12327.000     0.99936
 12327.200     0.99886
 12327.400     0.99722
 12327.600     0.99531
 12327.800     0.99557
 12328.000     0.99797
 12328.200     0.99925
 12328.400     0.99855
 12328.600     0.99663
 12328.800     0.99570
 12329.000     0.99762
 12329.200     0.99944
 12329.400     0.99992
 12329.600     0.99997
 12329.800     0.99993
 12330.000     0.99973
 12330.200     0.99897
 12330.400     0.99729
 12330.600     0.99541
 12330.800     0.99220
 12331.000     0.98859
 12331.200     0.99120
 12331.400     0.98871
 12331.600     0.96948
 12331.800     0.94449
 12332.000     0.94457
 12332.200     0.97352
 12332.400     0.99411
 12332.600     0.99430
 12332.800     0.97332
 12333.000     0.95280
 12333.200     0.97040
 12333.400     0.99146
 12333.600     0.99736
 12333.800     0.99802
 12334.000     0.99482
 12334.200     0.99119
 12334.400     0.99397
 12334.600     0.99780
 12334.800     0.99813
 12335.000     0.99532
 12335.200     0.98342
 12335.400     0.95325
 12335.600     0.93058
 12335.800     0.95080
 12336.000     0.98243
 12336.200     0.99455
 12336.400     0.99581
 12336.600     0.99747
 12336.800     0.99854
 12337.000     0.99848
 12337.200     0.99894
 12337.400     0.99861
 12337.600     0.99672
 12337.800     0.99513
 12338.000     0.99449
 12338.200     0.99459
 12338.400     0.99647
 12338.600     0.99815
 12338.800     0.99861
 12339.000     0.99774
 12339.200     0.99588
 12339.400     0.99369
 12339.600     0.99315
 12339.800     0.99531
 12340.000     0.99601
 12340.200     0.99168
 12340.400     0.98637
 12340.600     0.98932
 12340.800     0.99615
 12341.000     0.99934
 12341.200     0.99956
 12341.400     0.99887
 12341.600     0.99853
 12341.800     0.99884
 12342.000     0.99602
 12342.200     0.98331
 12342.400     0.96607
 12342.600     0.93915
 12342.800     0.88182
 12343.000     0.87038
 12343.200     0.93854
 12343.400     0.98629
 12343.600     0.99441
 12343.800     0.99689
 12344.000     0.99868
 12344.200     0.99912
 12344.400     0.99957
 12344.600     0.99986
 12344.800     0.99966
 12345.000     0.99855
 12345.200     0.99737
 12345.400     0.99798
 12345.600     0.99882
 12345.800     0.99829
 12346.000     0.99764
 12346.200     0.99864
 12346.400     0.99941
 12346.600     0.99894
 12346.800     0.99825
 12347.000     0.99743
 12347.200     0.99009
 12347.400     0.96275
 12347.600     0.93147
 12347.800     0.94091
 12348.000     0.97397
 12348.200     0.99272
 12348.400     0.99676
 12348.600     0.99806
 12348.800     0.99934
 12349.000     0.99979
 12349.200     0.99961
 12349.400     0.99929
 12349.600     0.99937
 12349.800     0.99965
 12350.000     0.99962
 12350.200     0.99945
 12350.400     0.99944
 12350.600     0.99917
 12350.800     0.99813
 12351.000     0.99538
 12351.200     0.99311
 12351.400     0.99595
 12351.600     0.99847
 12351.800     0.99859
 12352.000     0.99856
 12352.200     0.99785
 12352.400     0.99709
 12352.600     0.99808
 12352.800     0.99886
 12353.000     0.99869
 12353.200     0.99876
 12353.400     0.99926
 12353.600     0.99878
 12353.800     0.99327
 12354.000     0.98097
 12354.200     0.97607
 12354.400     0.98758
 12354.600     0.99680
 12354.800     0.99865
 12355.000     0.99909
 12355.200     0.99937
 12355.400     0.99925
 12355.600     0.99859
 12355.800     0.99814
 12356.000     0.99890
 12356.200     0.99960
 12356.400     0.99933
 12356.600     0.99762
 12356.800     0.99570
 12357.000     0.99666
 12357.200     0.99872
 12357.400     0.99960
 12357.600     0.99972
 12357.800     0.99985
 12358.000     0.99997
 12358.200     0.99990
 12358.400     0.99922
 12358.600     0.99722
 12358.800     0.99591
 12359.000     0.99766
 12359.200     0.99879
 12359.400     0.99782
 12359.600     0.99708
 12359.800     0.99768
 12360.000     0.99875
 12360.200     0.99949
 12360.400     0.99969
 12360.600     0.99961
 12360.800     0.99947
 12361.000     0.99909
 12361.200     0.99815
 12361.400     0.99758
 12361.600     0.99758
 12361.800     0.99679
 12362.000     0.99556
 12362.200     0.99556
 12362.400     0.99730
 12362.600     0.99847
 12362.800     0.99869
 12363.000     0.99908
 12363.200     0.99888
 12363.400     0.99773
 12363.600     0.99687
 12363.800     0.99739
 12364.000     0.99650
 12364.200     0.99459
 12364.400     0.99594
 12364.600     0.99706
 12364.800     0.99671
 12365.000     0.99819
 12365.200     0.99942
 12365.400     0.99893
 12365.600     0.99684
 12365.800     0.99383
 12366.000     0.99145
 12366.200     0.98547
 12366.400     0.97982
 12366.600     0.98789
 12366.800     0.99602
 12367.000     0.99770
 12367.200     0.99551
 12367.400     0.99277
 12367.600     0.99460
 12367.800     0.99692
 12368.000     0.99847
 12368.200     0.99899
 12368.400     0.99843
 12368.600     0.99841
 12368.800     0.99918
 12369.000     0.99957
 12369.200     0.99822
 12369.400     0.99214
 12369.600     0.98305
 12369.800     0.98270
 12370.000     0.99092
 12370.200     0.99460
 12370.400     0.99469
 12370.600     0.99692
 12370.800     0.99900
 12371.000     0.99971
 12371.200     0.99992
 12371.400     0.99997
 12371.600     0.99990
 12371.800     0.99973
 12372.000     0.99966
 12372.200     0.99976
 12372.400     0.99969
 12372.600     0.99956
 12372.800     0.99956
 12373.000     0.99914
 12373.200     0.99586
 12373.400     0.98616
 12373.600     0.98001
 12373.800     0.98901
 12374.000     0.99707
 12374.200     0.99845
 12374.400     0.99867
 12374.600     0.99878
 12374.800     0.99926
 12375.000     0.99978
 12375.200     0.99997
 12375.400     1.00000
 12375.600     1.00000
 12375.800     1.00000
 12376.000     0.99997
 12376.200     0.99964
 12376.400     0.99833
 12376.600     0.99709
 12376.800     0.99790
 12377.000     0.99834
 12377.200     0.99759
 12377.400     0.99718
 12377.600     0.99639
 12377.800     0.99593
 12378.000     0.99777
 12378.200     0.99895
 12378.400     0.99717
 12378.600     0.99365
 12378.800     0.99265
 12379.000     0.99532
 12379.200     0.99836
 12379.400     0.99964
 12379.600     0.99957
 12379.800     0.99892
 12380.000     0.99847
 12380.200     0.99832
 12380.400     0.99829
 12380.600     0.99870
 12380.800     0.99858
 12381.000     0.99810
 12381.200     0.99744
 12381.400     0.99452
 12381.600     0.99183
 12381.800     0.99351
 12382.000     0.99610
 12382.200     0.99828
 12382.400     0.99949
 12382.600     0.99927
 12382.800     0.99865
 12383.000     0.99889
 12383.200     0.99929
 12383.400     0.99747
 12383.600     0.98874
 12383.800     0.97924
 12384.000     0.98490
 12384.200     0.99512
 12384.400     0.99918
 12384.600     0.99984
 12384.800     0.99969
 12385.000     0.99909
 12385.200     0.99873
 12385.400     0.99925
 12385.600     0.99957
 12385.800     0.99908
 12386.000     0.99871
 12386.200     0.99932
 12386.400     0.99988
 12386.600     0.99998
 12386.800     0.99977
 12387.000     0.99869
 12387.200     0.99741
 12387.400     0.99800
 12387.600     0.99925
 12387.800     0.99940
 12388.000     0.99831
 12388.200     0.99589
 12388.400     0.99400
 12388.600     0.99566
 12388.800     0.99816
 12389.000     0.99914
 12389.200     0.99915
 12389.400     0.99720
 12389.600     0.98597
 12389.800     0.93683
 12390.000     0.83670
 12390.200     0.79994
 12390.400     0.89779
 12390.600     0.97916
 12390.800     0.99660
 12391.000     0.99646
 12391.200     0.99291
 12391.400     0.98251
 12391.600     0.97430
 12391.800     0.98420
 12392.000     0.99448
 12392.200     0.99654
 12392.400     0.99804
 12392.600     0.99782
 12392.800     0.98980
 12393.000     0.97802
 12393.200     0.97841
 12393.400     0.98788
 12393.600     0.99592
 12393.800     0.99905
 12394.000     0.99885
 12394.200     0.99810
 12394.400     0.99869
 12394.600     0.99947
 12394.800     0.99962
 12395.000     0.99941
 12395.200     0.99658
 12395.400     0.97105
 12395.600     0.87401
 12395.800     0.76655
 12396.000     0.81126
 12396.200     0.92211
 12396.400     0.97501
 12396.600     0.98836
 12396.800     0.99110
 12397.000     0.99279
 12397.200     0.99566
 12397.400     0.99800
 12397.600     0.99878
 12397.800     0.99864
 12398.000     0.99797
 12398.200     0.99795
 12398.400     0.99833
 12398.600     0.99753
 12398.800     0.99620
 12399.000     0.99554
 12399.200     0.99436
 12399.400     0.99353
 12399.600     0.99554
 12399.800     0.99762
 12400.000     0.99841
 12400.200     0.99896
 12400.400     0.99881
 12400.600     0.99833
 12400.800     0.99891
 12401.000     0.99963
 12401.200     0.99976
 12401.400     0.99917
 12401.600     0.99782
 12401.800     0.99720
 12402.000     0.99811
 12402.200     0.99880
 12402.400     0.99924
 12402.600     0.99955
 12402.800     0.99971
 12403.000     0.99988
 12403.200     0.99993
 12403.400     0.99972
 12403.600     0.99929
 12403.800     0.99852
 12404.000     0.99686
 12404.200     0.99537
 12404.400     0.99383
 12404.600     0.99211
 12404.800     0.99420
 12405.000     0.99678
 12405.200     0.99795
 12405.400     0.99789
 12405.600     0.99761
 12405.800     0.99798
 12406.000     0.99810
 12406.200     0.99725
 12406.400     0.99667
 12406.600     0.99694
 12406.800     0.99595
 12407.000     0.99531
 12407.200     0.99613
 12407.400     0.99702
 12407.600     0.99785
 12407.800     0.99551
 12408.000     0.98281
 12408.200     0.96616
 12408.400     0.96870
 12408.600     0.98405
 12408.800     0.99486
 12409.000     0.99777
 12409.200     0.99776
 12409.400     0.99878
 12409.600     0.99951
 12409.800     0.99943
 12410.000     0.99918
 12410.200     0.99719
 12410.400     0.98922
 12410.600     0.98208
 12410.800     0.98906
 12411.000     0.99634
 12411.200     0.99735
 12411.400     0.99685
 12411.600     0.99706
 12411.800     0.99730
 12412.000     0.99798
 12412.200     0.99868
 12412.400     0.99908
 12412.600     0.99814
 12412.800     0.99527
 12413.000     0.99399
 12413.200     0.99689
 12413.400     0.99929
 12413.600     0.99901
 12413.800     0.99535
 12414.000     0.99084
 12414.200     0.99257
 12414.400     0.99717
 12414.600     0.99870
 12414.800     0.99840
 12415.000     0.99902
 12415.200     0.99966
 12415.400     0.99845
 12415.600     0.99176
 12415.800     0.98241
 12416.000     0.98309
 12416.200     0.99152
 12416.400     0.99763
 12416.600     0.99953
 12416.800     0.99980
 12417.000     0.99988
 12417.200     0.99955
 12417.400     0.99529
 12417.600     0.97283
 12417.800     0.92590
 12418.000     0.90803
 12418.200     0.95270
 12418.400     0.98911
 12418.600     0.99679
 12418.800     0.99733
 12419.000     0.99755
 12419.200     0.99739
 12419.400     0.99792
 12419.600     0.99876
 12419.800     0.99948
 12420.000     0.99989
 12420.200     0.99992
 12420.400     0.99960
 12420.600     0.99825
 12420.800     0.99652
 12421.000     0.99703
 12421.200     0.99867
 12421.400     0.99907
 12421.600     0.99769
 12421.800     0.99621
 12422.000     0.99644
 12422.200     0.99655
 12422.400     0.99527
 12422.600     0.97776
 12422.800     0.90617
 12423.000     0.82611
 12423.200     0.86044
 12423.400     0.93011
 12423.600     0.94719
 12423.800     0.95967
 12424.000     0.97885
 12424.200     0.98828
 12424.400     0.99444
 12424.600     0.99751
 12424.800     0.99758
 12425.000     0.99804
 12425.200     0.99836
 12425.400     0.99787
 12425.600     0.99506
 12425.800     0.98280
 12426.000     0.95365
 12426.200     0.93633
 12426.400     0.96199
 12426.600     0.98867
 12426.800     0.99662
 12427.000     0.99724
 12427.200     0.99430
 12427.400     0.99174
 12427.600     0.99445
 12427.800     0.99765
 12428.000     0.99901
 12428.200     0.99950
 12428.400     0.99962
 12428.600     0.99978
 12428.800     0.99993
 12429.000     0.99999
 12429.200     0.99998
 12429.400     0.99995
 12429.600     0.99984
 12429.800     0.99925
 12430.000     0.99856
 12430.200     0.99858
 12430.400     0.99809
 12430.600     0.99745
 12430.800     0.99816
 12431.000     0.99916
 12431.200     0.99907
 12431.400     0.99861
 12431.600     0.99855
 12431.800     0.99212
 12432.000     0.95871
 12432.200     0.91646
 12432.400     0.92639
 12432.600     0.94822
 12432.800     0.94864
 12433.000     0.95169
 12433.200     0.89161
 12433.400     0.79218
 12433.600     0.80221
 12433.800     0.88929
 12434.000     0.96138
 12434.200     0.99039
 12434.400     0.99513
 12434.600     0.99696
 12434.800     0.99878
 12435.000     0.99923
 12435.200     0.99846
 12435.400     0.99688
 12435.600     0.99435
 12435.800     0.98672
 12436.000     0.97305
 12436.200     0.96930
 12436.400     0.98137
 12436.600     0.99299
 12436.800     0.99780
 12437.000     0.99906
 12437.200     0.99942
 12437.400     0.99975
 12437.600     0.99986
 12437.800     0.99971
 12438.000     0.99946
 12438.200     0.99948
 12438.400     0.99975
 12438.600     0.99981
 12438.800     0.99833
 12439.000     0.99129
 12439.200     0.98024
 12439.400     0.97465
 12439.600     0.97023
 12439.800     0.95201
 12440.000     0.93701
 12440.200     0.96311
 12440.400     0.99062
 12440.600     0.99858
 12440.800     0.99985
 12441.000     0.99991
 12441.200     0.99972
 12441.400     0.99959
 12441.600     0.99975
 12441.800     0.99988
 12442.000     0.99965
 12442.200     0.99907
 12442.400     0.99814
 12442.600     0.99750
 12442.800     0.99839
 12443.000     0.99893
 12443.200     0.99779
 12443.400     0.99464
 12443.600     0.98861
 12443.800     0.98527
 12444.000     0.99151
 12444.200     0.99769
 12444.400     0.99871
 12444.600     0.99572
 12444.800     0.98811
 12445.000     0.98373
 12445.200     0.99106
 12445.400     0.99705
 12445.600     0.99712
 12445.800     0.99563
 12446.000     0.99384
 12446.200     0.99306
 12446.400     0.99274
 12446.600     0.99560
 12446.800     0.99875
 12447.000     0.99982
 12447.200     0.99994
 12447.400     0.99983
 12447.600     0.99974
 12447.800     0.99977
 12448.000     0.99954
 12448.200     0.99864
 12448.400     0.99735
 12448.600     0.99552
 12448.800     0.99453
 12449.000     0.99702
 12449.200     0.99924
 12449.400     0.99972
 12449.600     0.99987
 12449.800     0.99997
 12450.000     0.99997
 12450.200     0.99987
 12450.400     0.99956
 12450.600     0.99852
 12450.800     0.99465
 12451.000     0.98731
 12451.200     0.97956
 12451.400     0.97760
 12451.600     0.98853
 12451.800     0.99754
 12452.000     0.99954
 12452.200     0.99977
 12452.400     0.99946
 12452.600     0.99850
 12452.800     0.99774
 12453.000     0.99826
 12453.200     0.99927
 12453.400     0.99975
 12453.600     0.99992
 12453.800     0.99998
 12454.000     0.99988
 12454.200     0.99865
 12454.400     0.99361
 12454.600     0.98833
 12454.800     0.99081
 12455.000     0.99529
 12455.200     0.99791
 12455.400     0.99931
 12455.600     0.99959
 12455.800     0.99874
 12456.000     0.99749
 12456.200     0.99723
 12456.400     0.99767
 12456.600     0.99799
 12456.800     0.99402
 12457.000     0.98422
 12457.200     0.98063
 12457.400     0.99013
 12457.600     0.99777
 12457.800     0.99795
 12458.000     0.99201
 12458.200     0.98538
 12458.400     0.98473
 12458.600     0.98289
 12458.800     0.97983
 12459.000     0.97886
 12459.200     0.98723
 12459.400     0.99305
 12459.600     0.98421
 12459.800     0.97288
 12460.000     0.98003
 12460.200     0.99290
 12460.400     0.99818
 12460.600     0.99873
 12460.800     0.99734
 12461.000     0.99323
 12461.200     0.98875
 12461.400     0.99166
 12461.600     0.99722
 12461.800     0.99943
 12462.000     0.99920
 12462.200     0.99856
 12462.400     0.99884
 12462.600     0.99907
 12462.800     0.99756
 12463.000     0.99178
 12463.200     0.97556
 12463.400     0.96108
 12463.600     0.96934
 12463.800     0.97464
 12464.000     0.97429
 12464.200     0.97929
 12464.400     0.98746
 12464.600     0.99469
 12464.800     0.99825
 12465.000     0.99924
 12465.200     0.99965
 12465.400     0.99984
 12465.600     0.99978
 12465.800     0.99951
 12466.000     0.99936
 12466.200     0.99961
 12466.400     0.99971
 12466.600     0.99931
 12466.800     0.99872
 12467.000     0.99808
 12467.200     0.99535
 12467.400     0.99224
 12467.600     0.99414
 12467.800     0.99672
 12468.000     0.99626
 12468.200     0.99375
 12468.400     0.99010
 12468.600     0.99016
 12468.800     0.99434
 12469.000     0.99207
 12469.200     0.98287
 12469.400     0.97657
 12469.600     0.97676
 12469.800     0.98577
 12470.000     0.99158
 12470.200     0.99073
 12470.400     0.99211
 12470.600     0.99514
 12470.800     0.99767
 12471.000     0.99847
 12471.200     0.99585
 12471.400     0.99311
 12471.600     0.99591
 12471.800     0.99887
 12472.000     0.99930
 12472.200     0.99943
 12472.400     0.99975
 12472.600     0.99985
 12472.800     0.99969
 12473.000     0.99936
 12473.200     0.99887
 12473.400     0.99825
 12473.600     0.99748
 12473.800     0.99712
 12474.000     0.99803
 12474.200     0.99848
 12474.400     0.99820
 12474.600     0.99885
 12474.800     0.99934
 12475.000     0.99924
 12475.200     0.99926
 12475.400     0.99692
 12475.600     0.98572
 12475.800     0.97514
 12476.000     0.98428
 12476.200     0.99530
 12476.400     0.99834
 12476.600     0.99922
 12476.800     0.99974
 12477.000     0.99976
 12477.200     0.99747
 12477.400     0.98736
 12477.600     0.97822
 12477.800     0.98710
 12478.000     0.99626
 12478.200     0.99719
 12478.400     0.99715
 12478.600     0.99855
 12478.800     0.99961
 12479.000     0.99985
 12479.200     0.99985
 12479.400     0.99983
 12479.600     0.99982
 12479.800     0.99988
 12480.000     0.99996
 12480.200     0.99999
 12480.400     0.99995
 12480.600     0.99989
 12480.800     0.99986
 12481.000     0.99970
 12481.200     0.99902
 12481.400     0.99781
 12481.600     0.99656
 12481.800     0.99512
 12482.000     0.99447
 12482.200     0.99617
 12482.400     0.99809
 12482.600     0.99761
 12482.800     0.99188
 12483.000     0.98494
 12483.200     0.98819
 12483.400     0.99475
 12483.600     0.99752
 12483.800     0.99858
 12484.000     0.99878
 12484.200     0.99553
 12484.400     0.98094
 12484.600     0.96688
 12484.800     0.97915
 12485.000     0.99316
 12485.200     0.99424
 12485.400     0.99233
 12485.600     0.99447
 12485.800     0.99802
 12486.000     0.99929
 12486.200     0.99918
 12486.400     0.99922
 12486.600     0.99858
 12486.800     0.99479
 12487.000     0.99096
 12487.200     0.99410
 12487.400     0.99837
 12487.600     0.99964
 12487.800     0.99981
 12488.000     0.99990
 12488.200     0.99996
 12488.400     0.99980
 12488.600     0.99840
 12488.800     0.99412
 12489.000     0.99119
 12489.200     0.99515
 12489.400     0.99902
 12489.600     0.99986
 12489.800     0.99987
 12490.000     0.99978
 12490.200     0.99943
 12490.400     0.99898
 12490.600     0.99892
 12490.800     0.99862
 12491.000     0.99799
 12491.200     0.99788
 12491.400     0.99800
 12491.600     0.99863
 12491.800     0.99919
 12492.000     0.99940
 12492.200     0.99929
 12492.400     0.99799
 12492.600     0.99669
 12492.800     0.99779
 12493.000     0.99912
 12493.200     0.99965
 12493.400     0.99964
 12493.600     0.99886
 12493.800     0.99749
 12494.000     0.99643
 12494.200     0.99584
 12494.400     0.99606
 12494.600     0.99680
 12494.800     0.99520
 12495.000     0.98909
 12495.200     0.98597
 12495.400     0.99223
 12495.600     0.99656
 12495.800     0.99622
 12496.000     0.99735
 12496.200     0.99910
 12496.400     0.99983
 12496.600     0.99996
 12496.800     0.99974
 12497.000     0.99862
 12497.200     0.99681
 12497.400     0.99664
 12497.600     0.99841
 12497.800     0.99958
 12498.000     0.99962
 12498.200     0.99938
 12498.400     0.99946
 12498.600     0.99969
 12498.800     0.99974
 12499.000     0.99936
 12499.200     0.99868
 12499.400     0.99860
 12499.600     0.99874
 12499.800     0.99861
 12500.000     0.99912
 12500.200     0.99975
 12500.400     0.99992
 12500.600     0.99966
 12500.800     0.99843
 12501.000     0.99720
 12501.200     0.99816
 12501.400     0.99947
 12501.600     0.99986
 12501.800     0.99985
 12502.000     0.99973
 12502.200     0.99973
 12502.400     0.99980
 12502.600     0.99861
 12502.800     0.99238
 12503.000     0.98475
 12503.200     0.98773
 12503.400     0.99542
 12503.600     0.99912
 12503.800     0.99975
 12504.000     0.99959
 12504.200     0.99953
 12504.400     0.99970
 12504.600     0.99987
 12504.800     0.99994
 12505.000     0.99997
 12505.200     0.99999
 12505.400     0.99995
 12505.600     0.99990
 12505.800     0.99977
 12506.000     0.99909
 12506.200     0.99843
 12506.400     0.99896
 12506.600     0.99948
 12506.800     0.99888
 12507.000     0.99696
 12507.200     0.99573
 12507.400     0.99717
 12507.600     0.99910
 12507.800     0.99982
 12508.000     0.99984
 12508.200     0.99982
 12508.400     0.99988
 12508.600     0.99979
 12508.800     0.99964
 12509.000     0.99976
 12509.200     0.99991
 12509.400     0.99942
 12509.600     0.99519
 12509.800     0.98161
 12510.000     0.96869
 12510.200     0.96358
 12510.400     0.94200
 12510.600     0.93395
 12510.800     0.96633
 12511.000     0.99162
 12511.200     0.99688
 12511.400     0.99648
 12511.600     0.99645
 12511.800     0.99623
 12512.000     0.98892
 12512.200     0.98074
 12512.400     0.98764
 12512.600     0.99635
 12512.800     0.99745
 12513.000     0.99201
 12513.200     0.98479
 12513.400     0.98743
 12513.600     0.99531
 12513.800     0.99886
 12514.000     0.99917
 12514.200     0.99947
 12514.400     0.99960
 12514.600     0.99942
 12514.800     0.99942
 12515.000     0.99940
 12515.200     0.99950
 12515.400     0.99956
 12515.600     0.99872
 12515.800     0.99767
 12516.000     0.99790
 12516.200     0.99790
 12516.400     0.99740
 12516.600     0.99769
 12516.800     0.99830
 12517.000     0.99845
 12517.200     0.99791
 12517.400     0.99728
 12517.600     0.99704
 12517.800     0.99801
 12518.000     0.99798
 12518.200     0.99710
 12518.400     0.99691
 12518.600     0.99670
 12518.800     0.99731
 12519.000     0.99788
 12519.200     0.99771
 12519.400     0.99842
 12519.600     0.99863
 12519.800     0.99822
 12520.000     0.99896
 12520.200     0.99974
 12520.400     0.99976
 12520.600     0.99959
 12520.800     0.99970
 12521.000     0.99977
 12521.200     0.99874
 12521.400     0.98824
 12521.600     0.94055
 12521.800     0.87023
 12522.000     0.83934
 12522.200     0.85626
 12522.400     0.93203
 12522.600     0.98653
 12522.800     0.99800
 12523.000     0.99724
 12523.200     0.99417
 12523.400     0.99406
 12523.600     0.99728
 12523.800     0.99937
 12524.000     0.99972
 12524.200     0.99980
 12524.400     0.99988
 12524.600     0.99988
 12524.800     0.99991
 12525.000     0.99993
 12525.200     0.99968
 12525.400     0.99832
 12525.600     0.99442
 12525.800     0.99054
 12526.000     0.99213
 12526.200     0.99561
 12526.400     0.99681
 12526.600     0.99686
 12526.800     0.99690
 12527.000     0.99745
 12527.200     0.99766
 12527.400     0.99436
 12527.600     0.98876
 12527.800     0.98923
 12528.000     0.99538
 12528.200     0.99902
 12528.400     0.99954
 12528.600     0.99968
 12528.800     0.99989
 12529.000     0.99996
 12529.200     0.99992
 12529.400     0.99974
 12529.600     0.99884
 12529.800     0.99689
 12530.000     0.99529
 12530.200     0.99310
 12530.400     0.98759
 12530.600     0.97981
 12530.800     0.97623
 12531.000     0.98529
 12531.200     0.99370
 12531.400     0.99711
 12531.600     0.99897
 12531.800     0.99969
 12532.000     0.99986
 12532.200     0.99956
 12532.400     0.99457
 12532.600     0.97134
 12532.800     0.94800
 12533.000     0.96593
 12533.200     0.98993
 12533.400     0.99762
 12533.600     0.99840
 12533.800     0.99755
 12534.000     0.99770
 12534.200     0.99842
 12534.400     0.99882
 12534.600     0.99908
 12534.800     0.99942
 12535.000     0.99970
 12535.200     0.99981
 12535.400     0.99979
 12535.600     0.99970
 12535.800     0.99942
 12536.000     0.99912
 12536.200     0.99757
 12536.400     0.98888
 12536.600     0.97642
 12536.800     0.97807
 12537.000     0.98928
 12537.200     0.99538
 12537.400     0.99781
 12537.600     0.99927
 12537.800     0.99973
 12538.000     0.99974
 12538.200     0.99947
 12538.400     0.99866
 12538.600     0.99788
 12538.800     0.99807
 12539.000     0.99805
 12539.200     0.99628
 12539.400     0.98749
 12539.600     0.96347
 12539.800     0.94470
 12540.000     0.96285
 12540.200     0.98735
 12540.400     0.99633
 12540.600     0.99806
 12540.800     0.99868
 12541.000     0.99867
 12541.200     0.99809
 12541.400     0.99774
 12541.600     0.99656
 12541.800     0.99522
 12542.000     0.99674
 12542.200     0.99866
 12542.400     0.99915
 12542.600     0.99906
 12542.800     0.99889
 12543.000     0.99786
 12543.200     0.99685
 12543.400     0.99683
 12543.600     0.99602
 12543.800     0.99597
 12544.000     0.99737
 12544.200     0.99884
 12544.400     0.99909
 12544.600     0.99724
 12544.800     0.99248
 12545.000     0.98821
 12545.200     0.98662
 12545.400     0.98664
 12545.600     0.99058
 12545.800     0.99076
 12546.000     0.98904
 12546.200     0.99387
 12546.400     0.99789
 12546.600     0.99875
 12546.800     0.99939
 12547.000     0.99986
 12547.200     0.99991
 12547.400     0.99902
 12547.600     0.99445
 12547.800     0.98559
 12548.000     0.98252
 12548.200     0.99023
 12548.400     0.99676
 12548.600     0.99806
 12548.800     0.99537
 12549.000     0.97929
 12549.200     0.92341
 12549.400     0.85191
 12549.600     0.86137
 12549.800     0.93848
 12550.000     0.98749
 12550.200     0.99852
 12550.400     0.99937
 12550.600     0.99893
 12550.800     0.99781
 12551.000     0.99675
 12551.200     0.99793
 12551.400     0.99894
 12551.600     0.99763
 12551.800     0.99556
 12552.000     0.99618
 12552.200     0.99841
 12552.400     0.99952
 12552.600     0.99931
 12552.800     0.99814
 12553.000     0.99725
 12553.200     0.99707
 12553.400     0.99680
 12553.600     0.99800
 12553.800     0.99914
 12554.000     0.99888
 12554.200     0.99848
 12554.400     0.99900
 12554.600     0.99960
 12554.800     0.99984
 12555.000     0.99980
 12555.200     0.99915
 12555.400     0.99802
 12555.600     0.99697
 12555.800     0.99450
 12556.000     0.99268
 12556.200     0.99597
 12556.400     0.99692
 12556.600     0.97494
 12556.800     0.88807
 12557.000     0.81391
 12557.200     0.89066
 12557.400     0.97649
 12557.600     0.99649
 12557.800     0.99242
 12558.000     0.98241
 12558.200     0.98024
 12558.400     0.98912
 12558.600     0.99630
 12558.800     0.99646
 12559.000     0.99479
 12559.200     0.99677
 12559.400     0.99916
 12559.600     0.99982
 12559.800     0.99989
 12560.000     0.99983
 12560.200     0.99961
 12560.400     0.99938
 12560.600     0.99934
 12560.800     0.99893
 12561.000     0.99821
 12561.200     0.99756
 12561.400     0.99324
 12561.600     0.96689
 12561.800     0.89595
 12562.000     0.82406
 12562.200     0.84256
 12562.400     0.92859
 12562.600     0.98354
 12562.800     0.99738
 12563.000     0.99940
 12563.200     0.99969
 12563.400     0.99979
 12563.600     0.99981
 12563.800     0.99976
 12564.000     0.99966
 12564.200     0.99955
 12564.400     0.99878
 12564.600     0.99464
 12564.800     0.98941
 12565.000     0.99125
 12565.200     0.99656
 12565.400     0.99922
 12565.600     0.99963
 12565.800     0.99885
 12566.000     0.99763
 12566.200     0.99752
 12566.400     0.99621
 12566.600     0.98688
 12566.800     0.97761
 12567.000     0.98529
 12567.200     0.99584
 12567.400     0.99932
 12567.600     0.99982
 12567.800     0.99979
 12568.000     0.99969
 12568.200     0.99936
 12568.400     0.99557
 12568.600     0.97161
 12568.800     0.90731
 12569.000     0.84936
 12569.200     0.87250
 12569.400     0.91690
 12569.600     0.92599
 12569.800     0.94949
 12570.000     0.97103
 12570.200     0.97935
 12570.400     0.98807
 12570.600     0.99566
 12570.800     0.99874
 12571.000     0.99917
 12571.200     0.99940
 12571.400     0.99963
 12571.600     0.99982
 12571.800     0.99990
 12572.000     0.99981
 12572.200     0.99958
 12572.400     0.99918
 12572.600     0.99854
 12572.800     0.99703
 12573.000     0.99065
 12573.200     0.98416
 12573.400     0.98942
 12573.600     0.99617
 12573.800     0.99791
 12574.000     0.99876
 12574.200     0.99943
 12574.400     0.99885
 12574.600     0.99762
 12574.800     0.99774
 12575.000     0.99869
 12575.200     0.99769
 12575.400     0.99555
 12575.600     0.99588
 12575.800     0.99680
 12576.000     0.99646
 12576.200     0.99723
 12576.400     0.99876
 12576.600     0.99943
 12576.800     0.99939
 12577.000     0.99872
 12577.200     0.99804
 12577.400     0.99841
 12577.600     0.99926
 12577.800     0.99969
 12578.000     0.99983
 12578.200     0.99994
 12578.400     0.99999
 12578.600     1.00000
 12578.800     0.99998
 12579.000     0.99983
 12579.200     0.99932
 12579.400     0.99831
 12579.600     0.99771
 12579.800     0.99756
 12580.000     0.99379
 12580.200     0.98962
 12580.400     0.99226
 12580.600     0.99496
 12580.800     0.99564
 12581.000     0.99013
 12581.200     0.95532
 12581.400     0.88147
 12581.600     0.84022
 12581.800     0.89124
 12582.000     0.96316
 12582.200     0.99394
 12582.400     0.99893
 12582.600     0.99814
 12582.800     0.99695
 12583.000     0.99780
 12583.200     0.99852
 12583.400     0.98978
 12583.600     0.94007
 12583.800     0.85098
 12584.000     0.83520
 12584.200     0.92212
 12584.400     0.98509
 12584.600     0.99818
 12584.800     0.99771
 12585.000     0.99106
 12585.200     0.98488
 12585.400     0.99073
 12585.600     0.99759
 12585.800     0.99951
 12586.000     0.99945
 12586.200     0.99679
 12586.400     0.98891
 12586.600     0.98191
 12586.800     0.98081
 12587.000     0.98064
 12587.200     0.98980
 12587.400     0.99790
 12587.600     0.99919
 12587.800     0.99833
 12588.000     0.99762
 12588.200     0.99535
 12588.400     0.98400
 12588.600     0.97348
 12588.800     0.97990
 12589.000     0.97430
 12589.200     0.96164
 12589.400     0.97663
 12589.600     0.99407
 12589.800     0.99892
 12590.000     0.99926
 12590.200     0.99725
 12590.400     0.98778
 12590.600     0.96262
 12590.800     0.94102
 12591.000     0.95332
 12591.200     0.97633
 12591.400     0.99045
 12591.600     0.99557
 12591.800     0.99487
 12592.000     0.99363
 12592.200     0.99613
 12592.400     0.99886
 12592.600     0.99940
 12592.800     0.99868
 12593.000     0.99723
 12593.200     0.99506
 12593.400     0.99031
 12593.600     0.98389
 12593.800     0.98558
 12594.000     0.99346
 12594.200     0.99848
 12594.400     0.99967
 12594.600     0.99954
 12594.800     0.99880
 12595.000     0.99781
 12595.200     0.99814
 12595.400     0.99927
 12595.600     0.99979
 12595.800     0.99951
 12596.000     0.99777
 12596.200     0.99520
 12596.400     0.99523
 12596.600     0.99759
 12596.800     0.99903
 12597.000     0.99920
 12597.200     0.99935
 12597.400     0.99878
 12597.600     0.99669
 12597.800     0.99551
 12598.000     0.99741
 12598.200     0.99927
 12598.400     0.99976
 12598.600     0.99983
 12598.800     0.99960
 12599.000     0.99834
 12599.200     0.99647
 12599.400     0.99648
 12599.600     1.00000
 12599.800     1.00000
 12600.000     1.00000
