the number of points per synthesis =   1001
start =  10280.000     stop =  10480.000     step =      0.200
 10280.000     1.00000
 10280.200     1.00000
 10280.400     1.00000
 10280.600     0.99988
 10280.800     0.99999
 10281.000     0.99993
 10281.200     0.99984
 10281.400     0.99975
 10281.600     0.99811
 10281.800     0.99526
 10282.000     0.99507
 10282.200     0.99494
 10282.400     0.99781
 10282.600     0.99928
 10282.800     0.99893
 10283.000     0.99888
 10283.200     0.99949
 10283.400     0.99875
 10283.600     0.98879
 10283.800     0.97484
 10284.000     0.98420
 10284.200     0.98723
 10284.400     0.98155
 10284.600     0.97489
 10284.800     0.98961
 10285.000     0.99907
 10285.200     0.99996
 10285.400     0.99995
 10285.600     0.99998
 10285.800     0.99997
 10286.000     0.99993
 10286.200     0.99992
 10286.400     0.99992
 10286.600     0.99983
 10286.800     0.99978
 10287.000     0.99986
 10287.200     0.99978
 10287.400     0.99950
 10287.600     0.99925
 10287.800     0.99723
 10288.000     0.99468
 10288.200     0.99579
 10288.400     0.98901
 10288.600     0.93807
 10288.800     0.80058
 10289.000     0.73495
 10289.200     0.88742
 10289.400     0.98363
 10289.600     0.99763
 10289.800     0.99743
 10290.000     0.99383
 10290.200     0.98591
 10290.400     0.97146
 10290.600     0.97890
 10290.800     0.99417
 10291.000     0.99930
 10291.200     0.99951
 10291.400     0.99945
 10291.600     0.99967
 10291.800     0.99976
 10292.000     0.99991
 10292.200     0.99999
 10292.400     1.00000
 10292.600     0.99998
 10292.800     0.99991
 10293.000     0.99970
 10293.200     0.99944
 10293.400     0.99968
 10293.600     0.99986
 10293.800     0.99994
 10294.000     0.99991
 10294.200     0.99979
 10294.400     0.99981
 10294.600     0.99930
 10294.800     0.99460
 10295.000     0.98761
 10295.200     0.99193
 10295.400     0.99418
 10295.600     0.99510
 10295.800     0.99831
 10296.000     0.99966
 10296.200     0.99942
 10296.400     0.99804
 10296.600     0.99488
 10296.800     0.98556
 10297.000     0.97017
 10297.200     0.98225
 10297.400     0.99470
 10297.600     0.99581
 10297.800     0.99713
 10298.000     0.99822
 10298.200     0.99298
 10298.400     0.98538
 10298.600     0.98892
 10298.800     0.99167
 10299.000     0.99016
 10299.200     0.98078
 10299.400     0.98373
 10299.600     0.99488
 10299.800     0.99912
 10300.000     0.99947
 10300.200     0.99969
 10300.400     0.99976
 10300.600     0.99990
 10300.800     0.99982
 10301.000     0.99830
 10301.200     0.98814
 10301.400     0.97563
 10301.600     0.98922
 10301.800     0.99899
 10302.000     0.99978
 10302.200     0.99365
 10302.400     0.93128
 10302.600     0.84622
 10302.800     0.92886
 10303.000     0.98925
 10303.200     0.99552
 10303.400     0.99845
 10303.600     0.99977
 10303.800     0.99985
 10304.000     0.99988
 10304.200     0.99985
 10304.400     0.99938
 10304.600     0.99869
 10304.800     0.99924
 10305.000     0.99930
 10305.200     0.99532
 10305.400     0.98947
 10305.600     0.99269
 10305.800     0.99467
 10306.000     0.99684
 10306.200     0.99730
 10306.400     0.99846
 10306.600     0.99961
 10306.800     0.99985
 10307.000     0.99774
 10307.200     0.97722
 10307.400     0.94875
 10307.600     0.97377
 10307.800     0.99123
 10308.000     0.98889
 10308.200     0.99495
 10308.400     0.99799
 10308.600     0.99679
 10308.800     0.99826
 10309.000     0.99920
 10309.200     0.99967
 10309.400     0.99993
 10309.600     0.99985
 10309.800     0.99870
 10310.000     0.99506
 10310.200     0.99215
 10310.400     0.99402
 10310.600     0.99684
 10310.800     0.99840
 10311.000     0.99943
 10311.200     0.99890
 10311.400     0.99703
 10311.600     0.99660
 10311.800     0.99739
 10312.000     0.99847
 10312.200     0.99257
 10312.400     0.96917
 10312.600     0.95300
 10312.800     0.97426
 10313.000     0.93809
 10313.200     0.87032
 10313.400     0.94054
 10313.600     0.99365
 10313.800     0.99943
 10314.000     0.99887
 10314.200     0.99833
 10314.400     0.99881
 10314.600     0.99880
 10314.800     0.99904
 10315.000     0.99961
 10315.200     0.99969
 10315.400     0.99952
 10315.600     0.99957
 10315.800     0.99948
 10316.000     0.99933
 10316.200     0.99960
 10316.400     0.99979
 10316.600     0.99964
 10316.800     0.99920
 10317.000     0.99634
 10317.200     0.99258
 10317.400     0.99551
 10317.600     0.99827
 10317.800     0.99549
 10318.000     0.99029
 10318.200     0.99472
 10318.400     0.99398
 10318.600     0.98762
 10318.800     0.99346
 10319.000     0.99842
 10319.200     0.99729
 10319.400     0.99495
 10319.600     0.99610
 10319.800     0.99668
 10320.000     0.99825
 10320.200     0.99931
 10320.400     0.99963
 10320.600     0.99789
 10320.800     0.98783
 10321.000     0.97683
 10321.200     0.98695
 10321.400     0.99458
 10321.600     0.99748
 10321.800     0.99935
 10322.000     0.99983
 10322.200     0.99993
 10322.400     0.99990
 10322.600     0.99985
 10322.800     0.99979
 10323.000     0.99898
 10323.200     0.99438
 10323.400     0.98733
 10323.600     0.98919
 10323.800     0.99497
 10324.000     0.99869
 10324.200     0.99974
 10324.400     0.99992
 10324.600     0.99989
 10324.800     0.99940
 10325.000     0.99810
 10325.200     0.99671
 10325.400     0.99667
 10325.600     0.99348
 10325.800     0.98746
 10326.000     0.99280
 10326.200     0.99522
 10326.400     0.99374
 10326.600     0.99496
 10326.800     0.98257
 10327.000     0.85325
 10327.200     0.57570
 10327.400     0.56424
 10327.600     0.84379
 10327.800     0.98116
 10328.000     0.99675
 10328.200     0.99777
 10328.400     0.99643
 10328.600     0.99455
 10328.800     0.99182
 10329.000     0.98910
 10329.200     0.99439
 10329.400     0.99173
 10329.600     0.97664
 10329.800     0.96820
 10330.000     0.91983
 10330.200     0.84040
 10330.400     0.92516
 10330.600     0.98990
 10330.800     0.99558
 10331.000     0.96623
 10331.200     0.92249
 10331.400     0.95398
 10331.600     0.98198
 10331.800     0.99391
 10332.000     0.99308
 10332.200     0.97031
 10332.400     0.95012
 10332.600     0.97441
 10332.800     0.98088
 10333.000     0.96380
 10333.200     0.96383
 10333.400     0.98602
 10333.600     0.99812
 10333.800     0.99972
 10334.000     0.99960
 10334.200     0.99961
 10334.400     0.99945
 10334.600     0.99922
 10334.800     0.99968
 10335.000     0.99996
 10335.200     0.99982
 10335.400     0.99934
 10335.600     0.99885
 10335.800     0.99604
 10336.000     0.99021
 10336.200     0.98568
 10336.400     0.98025
 10336.600     0.99161
 10336.800     0.99888
 10337.000     0.99676
 10337.200     0.99269
 10337.400     0.99644
 10337.600     0.99871
 10337.800     0.99058
 10338.000     0.97888
 10338.200     0.99028
 10338.400     0.99894
 10338.600     0.99984
 10338.800     0.99951
 10339.000     0.99902
 10339.200     0.99923
 10339.400     0.99892
 10339.600     0.99878
 10339.800     0.99935
 10340.000     0.99845
 10340.200     0.99663
 10340.400     0.99211
 10340.600     0.92969
 10340.800     0.81529
 10341.000     0.85243
 10341.200     0.95767
 10341.400     0.99649
 10341.600     0.99972
 10341.800     0.99968
 10342.000     0.99925
 10342.200     0.99873
 10342.400     0.99930
 10342.600     0.99958
 10342.800     0.99952
 10343.000     0.99868
 10343.200     0.99684
 10343.400     0.98415
 10343.600     0.87384
 10343.800     0.71536
 10344.000     0.83124
 10344.200     0.96496
 10344.400     0.99682
 10344.600     0.99766
 10344.800     0.99534
 10345.000     0.99766
 10345.200     0.99916
 10345.400     0.99751
 10345.600     0.99532
 10345.800     0.99746
 10346.000     0.99891
 10346.200     0.99628
 10346.400     0.99258
 10346.600     0.99675
 10346.800     0.99967
 10347.000     0.99937
 10347.200     0.99513
 10347.400     0.98941
 10347.600     0.98561
 10347.800     0.92118
 10348.000     0.83863
 10348.200     0.92894
 10348.400     0.99343
 10348.600     0.99927
 10348.800     0.99863
 10349.000     0.99828
 10349.200     0.99384
 10349.400     0.98723
 10349.600     0.99404
 10349.800     0.99887
 10350.000     0.99765
 10350.200     0.99608
 10350.400     0.99650
 10350.600     0.98222
 10350.800     0.96193
 10351.000     0.98302
 10351.200     0.99833
 10351.400     0.99981
 10351.600     0.99982
 10351.800     0.99993
 10352.000     0.99990
 10352.200     0.99874
 10352.400     0.99518
 10352.600     0.99334
 10352.800     0.99726
 10353.000     0.99930
 10353.200     0.99884
 10353.400     0.99364
 10353.600     0.93996
 10353.800     0.86660
 10354.000     0.93855
 10354.200     0.98410
 10354.400     0.97603
 10354.600     0.98556
 10354.800     0.99307
 10355.000     0.99039
 10355.200     0.99525
 10355.400     0.99921
 10355.600     0.99988
 10355.800     0.99994
 10356.000     0.99997
 10356.200     0.99988
 10356.400     0.99902
 10356.600     0.99502
 10356.800     0.99065
 10357.000     0.99515
 10357.200     0.99882
 10357.400     0.99851
 10357.600     0.99763
 10357.800     0.99885
 10358.000     0.99843
 10358.200     0.99590
 10358.400     0.99498
 10358.600     0.99562
 10358.800     0.99818
 10359.000     0.99940
 10359.200     0.99919
 10359.400     0.99930
 10359.600     0.99962
 10359.800     0.99961
 10360.000     0.99906
 10360.200     0.99715
 10360.400     0.98106
 10360.600     0.95896
 10360.800     0.97936
 10361.000     0.99285
 10361.200     0.99735
 10361.400     0.99962
 10361.600     0.99994
 10361.800     0.99997
 10362.000     0.99994
 10362.200     0.99941
 10362.400     0.99307
 10362.600     0.97810
 10362.800     0.97592
 10363.000     0.99143
 10363.200     0.99922
 10363.400     0.99983
 10363.600     0.99716
 10363.800     0.96848
 10364.000     0.92610
 10364.200     0.95922
 10364.400     0.99151
 10364.600     0.99421
 10364.800     0.98520
 10365.000     0.97959
 10365.200     0.99022
 10365.400     0.99802
 10365.600     0.99884
 10365.800     0.99655
 10366.000     0.97685
 10366.200     0.95168
 10366.400     0.97864
 10366.600     0.99796
 10366.800     0.99862
 10367.000     0.99544
 10367.200     0.99449
 10367.400     0.99792
 10367.600     0.99980
 10367.800     0.99990
 10368.000     0.99977
 10368.200     0.99986
 10368.400     0.99995
 10368.600     0.99981
 10368.800     0.99943
 10369.000     0.99839
 10369.200     0.99686
 10369.400     0.99833
 10369.600     0.99957
 10369.800     0.99959
 10370.000     0.99852
 10370.200     0.99697
 10370.400     0.99772
 10370.600     0.99651
 10370.800     0.98034
 10371.000     0.86180
 10371.200     0.63720
 10371.400     0.66571
 10371.600     0.88157
 10371.800     0.98087
 10372.000     0.99592
 10372.200     0.99871
 10372.400     0.99920
 10372.600     0.99913
 10372.800     0.99920
 10373.000     0.99941
 10373.200     0.99949
 10373.400     0.99969
 10373.600     0.99964
 10373.800     0.99939
 10374.000     0.99965
 10374.200     0.99983
 10374.400     0.99990
 10374.600     0.99997
 10374.800     0.99997
 10375.000     0.99990
 10375.200     0.99987
 10375.400     0.99988
 10375.600     0.99979
 10375.800     0.99931
 10376.000     0.99603
 10376.200     0.99223
 10376.400     0.99655
 10376.600     0.99966
 10376.800     0.99989
 10377.000     0.99866
 10377.200     0.99506
 10377.400     0.99344
 10377.600     0.99720
 10377.800     0.99787
 10378.000     0.99575
 10378.200     0.98977
 10378.400     0.91196
 10378.600     0.79937
 10378.800     0.85179
 10379.000     0.86155
 10379.200     0.94152
 10379.400     0.99363
 10379.600     0.99489
 10379.800     0.99035
 10380.000     0.99554
 10380.200     0.99945
 10380.400     0.99988
 10380.600     0.99955
 10380.800     0.99819
 10381.000     0.99709
 10381.200     0.99880
 10381.400     0.99989
 10381.600     0.99998
 10381.800     0.99962
 10382.000     0.99760
 10382.200     0.99307
 10382.400     0.99107
 10382.600     0.99549
 10382.800     0.99870
 10383.000     0.99916
 10383.200     0.99873
 10383.400     0.99821
 10383.600     0.99696
 10383.800     0.99797
 10384.000     0.99883
 10384.200     0.99719
 10384.400     0.99106
 10384.600     0.97561
 10384.800     0.94428
 10385.000     0.92573
 10385.200     0.97048
 10385.400     0.99734
 10385.600     0.99993
 10385.800     0.99999
 10386.000     0.99991
 10386.200     0.99975
 10386.400     0.99981
 10386.600     0.99995
 10386.800     0.99999
 10387.000     0.99948
 10387.200     0.99396
 10387.400     0.98456
 10387.600     0.98772
 10387.800     0.99396
 10388.000     0.99816
 10388.200     0.99964
 10388.400     0.99775
 10388.600     0.98467
 10388.800     0.96986
 10389.000     0.98679
 10389.200     0.99701
 10389.400     0.99215
 10389.600     0.98814
 10389.800     0.99513
 10390.000     0.99952
 10390.200     0.99993
 10390.400     0.99979
 10390.600     0.99832
 10390.800     0.99232
 10391.000     0.98043
 10391.200     0.96918
 10391.400     0.97106
 10391.600     0.98936
 10391.800     0.99733
 10392.000     0.99711
 10392.200     0.99787
 10392.400     0.99923
 10392.600     0.99969
 10392.800     0.99974
 10393.000     0.99972
 10393.200     0.99919
 10393.400     0.99841
 10393.600     0.99865
 10393.800     0.99948
 10394.000     0.99968
 10394.200     0.99953
 10394.400     0.99962
 10394.600     0.99934
 10394.800     0.99855
 10395.000     0.99875
 10395.200     0.99909
 10395.400     0.98820
 10395.600     0.88729
 10395.800     0.75436
 10396.000     0.88493
 10396.200     0.97939
 10396.400     0.98760
 10396.600     0.91823
 10396.800     0.81972
 10397.000     0.91859
 10397.200     0.99046
 10397.400     0.98501
 10397.600     0.96740
 10397.800     0.98164
 10398.000     0.99416
 10398.200     0.99029
 10398.400     0.98353
 10398.600     0.98581
 10398.800     0.99169
 10399.000     0.98940
 10399.200     0.98555
 10399.400     0.99386
 10399.600     0.99843
 10399.800     0.99788
 10400.000     0.99899
 10400.200     0.99972
 10400.400     0.99938
 10400.600     0.99678
 10400.800     0.99270
 10401.000     0.99515
 10401.200     0.99855
 10401.400     0.99931
 10401.600     0.99933
 10401.800     0.99935
 10402.000     0.99958
 10402.200     0.99957
 10402.400     0.99978
 10402.600     0.99948
 10402.800     0.99837
 10403.000     0.99566
 10403.200     0.99239
 10403.400     0.99670
 10403.600     0.99929
 10403.800     0.99723
 10404.000     0.99433
 10404.200     0.99667
 10404.400     0.99909
 10404.600     0.99808
 10404.800     0.99490
 10405.000     0.99509
 10405.200     0.99731
 10405.400     0.99728
 10405.600     0.99836
 10405.800     0.99954
 10406.000     0.99970
 10406.200     0.99931
 10406.400     0.99579
 10406.600     0.98602
 10406.800     0.93761
 10407.000     0.86445
 10407.200     0.92550
 10407.400     0.98495
 10407.600     0.99220
 10407.800     0.99011
 10408.000     0.99548
 10408.200     0.99910
 10408.400     0.99955
 10408.600     0.99759
 10408.800     0.98673
 10409.000     0.97383
 10409.200     0.98452
 10409.400     0.99666
 10409.600     0.99968
 10409.800     0.99992
 10410.000     0.99997
 10410.200     0.99996
 10410.400     0.99950
 10410.600     0.99576
 10410.800     0.99056
 10411.000     0.99502
 10411.200     0.99914
 10411.400     0.99979
 10411.600     0.99977
 10411.800     0.99991
 10412.000     0.99999
 10412.200     1.00000
 10412.400     0.99998
 10412.600     0.99994
 10412.800     0.99983
 10413.000     0.99888
 10413.200     0.99464
 10413.400     0.98981
 10413.600     0.99420
 10413.800     0.99876
 10414.000     0.99988
 10414.200     0.99995
 10414.400     0.99898
 10414.600     0.98835
 10414.800     0.96192
 10415.000     0.95557
 10415.200     0.98310
 10415.400     0.99523
 10415.600     0.99332
 10415.800     0.99591
 10416.000     0.99790
 10416.200     0.99666
 10416.400     0.99374
 10416.600     0.99092
 10416.800     0.99527
 10417.000     0.99358
 10417.200     0.98822
 10417.400     0.99459
 10417.600     0.99922
 10417.800     0.99987
 10418.000     0.99972
 10418.200     0.99931
 10418.400     0.99898
 10418.600     0.99759
 10418.800     0.99639
 10419.000     0.99557
 10419.200     0.99527
 10419.400     0.99808
 10419.600     0.99915
 10419.800     0.99849
 10420.000     0.99911
 10420.200     0.99978
 10420.400     0.99993
 10420.600     0.99968
 10420.800     0.99806
 10421.000     0.99491
 10421.200     0.99476
 10421.400     0.99774
 10421.600     0.99866
 10421.800     0.99892
 10422.000     0.99861
 10422.200     0.99707
 10422.400     0.99739
 10422.600     0.99386
 10422.800     0.94247
 10423.000     0.87065
 10423.200     0.93734
 10423.400     0.97773
 10423.600     0.91316
 10423.800     0.84224
 10424.000     0.93270
 10424.200     0.99392
 10424.400     0.99967
 10424.600     0.99879
 10424.800     0.99737
 10425.000     0.99865
 10425.200     0.99913
 10425.400     0.99649
 10425.600     0.99193
 10425.800     0.99186
 10426.000     0.99668
 10426.200     0.99474
 10426.400     0.98550
 10426.600     0.98556
 10426.800     0.99505
 10427.000     0.99950
 10427.200     0.99994
 10427.400     0.99990
 10427.600     0.99988
 10427.800     0.99995
 10428.000     0.99992
 10428.200     0.99948
 10428.400     0.99658
 10428.600     0.99283
 10428.800     0.99675
 10429.000     0.99957
 10429.200     0.99984
 10429.400     0.99949
 10429.600     0.99899
 10429.800     0.99949
 10430.000     0.99989
 10430.200     0.99995
 10430.400     0.99987
 10430.600     0.99916
 10430.800     0.99812
 10431.000     0.99902
 10431.200     0.99968
 10431.400     0.99935
 10431.600     0.99813
 10431.800     0.99760
 10432.000     0.99747
 10432.200     0.99655
 10432.400     0.99492
 10432.600     0.99073
 10432.800     0.99170
 10433.000     0.99118
 10433.200     0.99571
 10433.400     0.99893
 10433.600     0.99577
 10433.800     0.98598
 10434.000     0.98232
 10434.200     0.99112
 10434.400     0.99602
 10434.600     0.99575
 10434.800     0.99656
 10435.000     0.99563
 10435.200     0.97322
 10435.400     0.94492
 10435.600     0.97578
 10435.800     0.99772
 10436.000     0.99933
 10436.200     0.99865
 10436.400     0.99920
 10436.600     0.99981
 10436.800     0.99977
 10437.000     0.99891
 10437.200     0.99731
 10437.400     0.99500
 10437.600     0.99243
 10437.800     0.99654
 10438.000     0.99947
 10438.200     0.99964
 10438.400     0.99952
 10438.600     0.99883
 10438.800     0.99509
 10439.000     0.99135
 10439.200     0.99344
 10439.400     0.99372
 10439.600     0.99730
 10439.800     0.99969
 10440.000     0.99987
 10440.200     0.99844
 10440.400     0.98844
 10440.600     0.97650
 10440.800     0.98774
 10441.000     0.98663
 10441.200     0.96983
 10441.400     0.96945
 10441.600     0.98505
 10441.800     0.99643
 10442.000     0.99766
 10442.200     0.99474
 10442.400     0.99040
 10442.600     0.98270
 10442.800     0.99153
 10443.000     0.99887
 10443.200     0.99994
 10443.400     0.99988
 10443.600     0.99972
 10443.800     0.99977
 10444.000     0.99940
 10444.200     0.99861
 10444.400     0.99894
 10444.600     0.99968
 10444.800     0.99992
 10445.000     0.99995
 10445.200     0.99993
 10445.400     0.99982
 10445.600     0.99961
 10445.800     0.99964
 10446.000     0.99838
 10446.200     0.99157
 10446.400     0.98250
 10446.600     0.98671
 10446.800     0.99485
 10447.000     0.99888
 10447.200     0.99962
 10447.400     0.99862
 10447.600     0.99739
 10447.800     0.99596
 10448.000     0.99051
 10448.200     0.98153
 10448.400     0.96399
 10448.600     0.95657
 10448.800     0.96436
 10449.000     0.95498
 10449.200     0.97986
 10449.400     0.99773
 10449.600     0.99889
 10449.800     0.99633
 10450.000     0.99457
 10450.200     0.99662
 10450.400     0.99899
 10450.600     0.99976
 10450.800     0.99988
 10451.000     0.99984
 10451.200     0.99990
 10451.400     0.99985
 10451.600     0.99973
 10451.800     0.99960
 10452.000     0.99936
 10452.200     0.99943
 10452.400     0.99688
 10452.600     0.97965
 10452.800     0.95711
 10453.000     0.97134
 10453.200     0.98590
 10453.400     0.99525
 10453.600     0.99860
 10453.800     0.99653
 10454.000     0.99449
 10454.200     0.99700
 10454.400     0.99894
 10454.600     0.99897
 10454.800     0.99786
 10455.000     0.98562
 10455.200     0.88402
 10455.400     0.69189
 10455.600     0.71807
 10455.800     0.90064
 10456.000     0.98332
 10456.200     0.99007
 10456.400     0.97097
 10456.600     0.88164
 10456.800     0.78466
 10457.000     0.89316
 10457.200     0.98270
 10457.400     0.99803
 10457.600     0.99887
 10457.800     0.99719
 10458.000     0.98983
 10458.200     0.98159
 10458.400     0.99155
 10458.600     0.99843
 10458.800     0.99845
 10459.000     0.98753
 10459.200     0.89258
 10459.400     0.71949
 10459.600     0.75938
 10459.800     0.91923
 10460.000     0.97654
 10460.200     0.98481
 10460.400     0.98567
 10460.600     0.98070
 10460.800     0.99060
 10461.000     0.99500
 10461.200     0.99367
 10461.400     0.99730
 10461.600     0.99963
 10461.800     0.99975
 10462.000     0.99852
 10462.200     0.99690
 10462.400     0.99851
 10462.600     0.99871
 10462.800     0.99204
 10463.000     0.98367
 10463.200     0.99272
 10463.400     0.99928
 10463.600     0.99969
 10463.800     0.99837
 10464.000     0.99298
 10464.200     0.98624
 10464.400     0.99152
 10464.600     0.99798
 10464.800     0.99950
 10465.000     0.99897
 10465.200     0.99839
 10465.400     0.99933
 10465.600     0.99991
 10465.800     0.99968
 10466.000     0.99922
 10466.200     0.99940
 10466.400     0.99838
 10466.600     0.99653
 10466.800     0.99833
 10467.000     0.99979
 10467.200     0.99988
 10467.400     0.99975
 10467.600     0.99989
 10467.800     0.99999
 10468.000     0.99999
 10468.200     0.99986
 10468.400     0.99942
 10468.600     0.99875
 10468.800     0.99730
 10469.000     0.99107
 10469.200     0.97455
 10469.400     0.87782
 10469.600     0.70923
 10469.800     0.79314
 10470.000     0.94644
 10470.200     0.99438
 10470.400     0.99538
 10470.600     0.98807
 10470.800     0.96715
 10471.000     0.95289
 10471.200     0.97882
 10471.400     0.99686
 10471.600     0.99896
 10471.800     0.99617
 10472.000     0.99304
 10472.200     0.99615
 10472.400     0.99921
 10472.600     0.99986
 10472.800     0.99980
 10473.000     0.99948
 10473.200     0.99896
 10473.400     0.99949
 10473.600     0.99991
 10473.800     0.99992
 10474.000     0.99992
 10474.200     0.99977
 10474.400     0.99802
 10474.600     0.99517
 10474.800     0.99650
 10475.000     0.99849
 10475.200     0.99693
 10475.400     0.99320
 10475.600     0.99311
 10475.800     0.99738
 10476.000     0.99958
 10476.200     0.99966
 10476.400     0.99946
 10476.600     0.99958
 10476.800     0.99960
 10477.000     0.99979
 10477.200     0.99974
 10477.400     0.99830
 10477.600     0.99352
 10477.800     0.98381
 10478.000     0.97659
 10478.200     0.98727
 10478.400     0.99304
 10478.600     0.99728
 10478.800     0.99967
 10479.000     0.99980
 10479.200     0.99966
 10479.400     0.99966
 10479.600     1.00000
 10479.800     1.00000
 10480.000     1.00000
