the number of points per synthesis =    901
start =   9920.000     stop =  10100.000     step =      0.200
  9920.000     1.00000
  9920.200     1.00000
  9920.400     1.00000
  9920.600     0.99941
  9920.800     0.99967
  9921.000     0.99950
  9921.200     0.99830
  9921.400     0.99619
  9921.600     0.99567
  9921.800     0.99601
  9922.000     0.99064
  9922.200     0.98789
  9922.400     0.99366
  9922.600     0.98043
  9922.800     0.95475
  9923.000     0.97589
  9923.200     0.98952
  9923.400     0.99561
  9923.600     0.99675
  9923.800     0.99014
  9924.000     0.97027
  9924.200     0.93138
  9924.400     0.90370
  9924.600     0.96309
  9924.800     0.99486
  9925.000     0.99242
  9925.200     0.98354
  9925.400     0.97352
  9925.600     0.98920
  9925.800     0.99880
  9926.000     0.99942
  9926.200     0.99943
  9926.400     0.99904
  9926.600     0.99057
  9926.800     0.97786
  9927.000     0.98842
  9927.200     0.97966
  9927.400     0.95736
  9927.600     0.97944
  9927.800     0.99276
  9928.000     0.99426
  9928.200     0.99251
  9928.400     0.99666
  9928.600     0.99885
  9928.800     0.99932
  9929.000     0.99911
  9929.200     0.99838
  9929.400     0.99893
  9929.600     0.99668
  9929.800     0.99177
  9930.000     0.99305
  9930.200     0.98336
  9930.400     0.95987
  9930.600     0.90988
  9930.800     0.78840
  9931.000     0.81950
  9931.200     0.85512
  9931.400     0.80847
  9931.600     0.91980
  9931.800     0.98578
  9932.000     0.99144
  9932.200     0.99015
  9932.400     0.98424
  9932.600     0.99214
  9932.800     0.99142
  9933.000     0.98507
  9933.200     0.99385
  9933.400     0.99903
  9933.600     0.99939
  9933.800     0.99947
  9934.000     0.99945
  9934.200     0.99748
  9934.400     0.99431
  9934.600     0.99667
  9934.800     0.99577
  9935.000     0.99133
  9935.200     0.99626
  9935.400     0.99967
  9935.600     0.99994
  9935.800     0.99982
  9936.000     0.99958
  9936.200     0.99812
  9936.400     0.99515
  9936.600     0.99522
  9936.800     0.99421
  9937.000     0.98755
  9937.200     0.99043
  9937.400     0.99720
  9937.600     0.99917
  9937.800     0.99919
  9938.000     0.99953
  9938.200     0.99924
  9938.400     0.99616
  9938.600     0.99129
  9938.800     0.99238
  9939.000     0.99693
  9939.200     0.99938
  9939.400     0.99979
  9939.600     0.99886
  9939.800     0.98884
  9940.000     0.97323
  9940.200     0.98653
  9940.400     0.99743
  9940.600     0.99555
  9940.800     0.98843
  9941.000     0.98862
  9941.200     0.98896
  9941.400     0.98428
  9941.600     0.99321
  9941.800     0.99618
  9942.000     0.99284
  9942.200     0.99624
  9942.400     0.99834
  9942.600     0.99880
  9942.800     0.99313
  9943.000     0.98360
  9943.200     0.99059
  9943.400     0.99446
  9943.600     0.99157
  9943.800     0.99033
  9944.000     0.94955
  9944.200     0.88263
  9944.400     0.94756
  9944.600     0.99429
  9944.800     0.99643
  9945.000     0.99264
  9945.200     0.99552
  9945.400     0.99746
  9945.600     0.99880
  9945.800     0.99925
  9946.000     0.99814
  9946.200     0.98911
  9946.400     0.97843
  9946.600     0.98987
  9946.800     0.99513
  9947.000     0.99546
  9947.200     0.99788
  9947.400     0.99735
  9947.600     0.99482
  9947.800     0.99645
  9948.000     0.99664
  9948.200     0.98381
  9948.400     0.96844
  9948.600     0.98517
  9948.800     0.98493
  9949.000     0.96646
  9949.200     0.98123
  9949.400     0.99291
  9949.600     0.97879
  9949.800     0.95577
  9950.000     0.98065
  9950.200     0.99788
  9950.400     0.99863
  9950.600     0.99507
  9950.800     0.99098
  9951.000     0.97182
  9951.200     0.94169
  9951.400     0.97478
  9951.600     0.99131
  9951.800     0.97901
  9952.000     0.97228
  9952.200     0.98423
  9952.400     0.99608
  9952.600     0.99949
  9952.800     0.99982
  9953.000     0.99887
  9953.200     0.98650
  9953.400     0.96669
  9953.600     0.98205
  9953.800     0.99692
  9954.000     0.99935
  9954.200     0.99481
  9954.400     0.98757
  9954.600     0.99402
  9954.800     0.99919
  9955.000     0.99931
  9955.200     0.99701
  9955.400     0.99516
  9955.600     0.99542
  9955.800     0.98747
  9956.000     0.97722
  9956.200     0.96977
  9956.400     0.95791
  9956.600     0.98083
  9956.800     0.99339
  9957.000     0.99635
  9957.200     0.99828
  9957.400     0.99413
  9957.600     0.98672
  9957.800     0.99307
  9958.000     0.99838
  9958.200     0.99877
  9958.400     0.99866
  9958.600     0.99005
  9958.800     0.97474
  9959.000     0.98183
  9959.200     0.98821
  9959.400     0.99581
  9959.600     0.99934
  9959.800     0.99981
  9960.000     0.99996
  9960.200     0.99972
  9960.400     0.99690
  9960.600     0.99254
  9960.800     0.99441
  9961.000     0.97916
  9961.200     0.94564
  9961.400     0.95914
  9961.600     0.98828
  9961.800     0.99848
  9962.000     0.99903
  9962.200     0.99802
  9962.400     0.99812
  9962.600     0.99928
  9962.800     0.99870
  9963.000     0.99720
  9963.200     0.99879
  9963.400     0.99966
  9963.600     0.99829
  9963.800     0.99655
  9964.000     0.99839
  9964.200     0.99685
  9964.400     0.99002
  9964.600     0.98573
  9964.800     0.98107
  9965.000     0.98047
  9965.200     0.99295
  9965.400     0.99926
  9965.600     0.99982
  9965.800     0.99979
  9966.000     0.99979
  9966.200     0.99901
  9966.400     0.99770
  9966.600     0.99813
  9966.800     0.99048
  9967.000     0.97543
  9967.200     0.98183
  9967.400     0.99015
  9967.600     0.99672
  9967.800     0.99958
  9968.000     0.99958
  9968.200     0.99911
  9968.400     0.99957
  9968.600     0.99970
  9968.800     0.99693
  9969.000     0.98447
  9969.200     0.97195
  9969.400     0.98505
  9969.600     0.99693
  9969.800     0.99856
  9970.000     0.99387
  9970.200     0.98758
  9970.400     0.99446
  9970.600     0.99899
  9970.800     0.99926
  9971.000     0.99888
  9971.200     0.99786
  9971.400     0.99696
  9971.600     0.99562
  9971.800     0.99787
  9972.000     0.99748
  9972.200     0.99463
  9972.400     0.99713
  9972.600     0.99947
  9972.800     0.99951
  9973.000     0.99531
  9973.200     0.98752
  9973.400     0.99113
  9973.600     0.99766
  9973.800     0.99961
  9974.000     0.99971
  9974.200     0.99821
  9974.400     0.98622
  9974.600     0.97050
  9974.800     0.98705
  9975.000     0.99830
  9975.200     0.99909
  9975.400     0.99801
  9975.600     0.98939
  9975.800     0.97211
  9976.000     0.97847
  9976.200     0.98703
  9976.400     0.97173
  9976.600     0.95951
  9976.800     0.97574
  9977.000     0.99410
  9977.200     0.99779
  9977.400     0.97780
  9977.600     0.94626
  9977.800     0.97278
  9978.000     0.99242
  9978.200     0.99178
  9978.400     0.99328
  9978.600     0.99801
  9978.800     0.99984
  9979.000     0.99992
  9979.200     0.99992
  9979.400     0.99994
  9979.600     0.99979
  9979.800     0.99931
  9980.000     0.99659
  9980.200     0.96959
  9980.400     0.92757
  9980.600     0.96275
  9980.800     0.99372
  9981.000     0.99835
  9981.200     0.99711
  9981.400     0.99813
  9981.600     0.99808
  9981.800     0.98550
  9982.000     0.96718
  9982.200     0.98522
  9982.400     0.99759
  9982.600     0.99937
  9982.800     0.99824
  9983.000     0.98201
  9983.200     0.95806
  9983.400     0.98018
  9983.600     0.99684
  9983.800     0.99669
  9984.000     0.99293
  9984.200     0.99308
  9984.400     0.98928
  9984.600     0.99349
  9984.800     0.99851
  9985.000     0.99953
  9985.200     0.99937
  9985.400     0.99958
  9985.600     0.99987
  9985.800     0.99986
  9986.000     0.99740
  9986.200     0.96774
  9986.400     0.91579
  9986.600     0.94021
  9986.800     0.97266
  9987.000     0.99030
  9987.200     0.99777
  9987.400     0.99814
  9987.600     0.99431
  9987.800     0.99115
  9988.000     0.99246
  9988.200     0.99631
  9988.400     0.99811
  9988.600     0.99732
  9988.800     0.99873
  9989.000     0.99923
  9989.200     0.99577
  9989.400     0.99087
  9989.600     0.99522
  9989.800     0.99797
  9990.000     0.99886
  9990.200     0.99869
  9990.400     0.99752
  9990.600     0.99886
  9990.800     0.99944
  9991.000     0.99581
  9991.200     0.98980
  9991.400     0.99216
  9991.600     0.99138
  9991.800     0.99593
  9992.000     0.99935
  9992.200     0.99971
  9992.400     0.99827
  9992.600     0.99523
  9992.800     0.99098
  9993.000     0.93820
  9993.200     0.85822
  9993.400     0.93340
  9993.600     0.98253
  9993.800     0.99088
  9994.000     0.99580
  9994.200     0.99401
  9994.400     0.99297
  9994.600     0.99618
  9994.800     0.99510
  9995.000     0.99002
  9995.200     0.99041
  9995.400     0.99684
  9995.600     0.99919
  9995.800     0.99269
  9996.000     0.98181
  9996.200     0.99022
  9996.400     0.99813
  9996.600     0.99856
  9996.800     0.99736
  9997.000     0.99835
  9997.200     0.99151
  9997.400     0.91656
  9997.600     0.80942
  9997.800     0.90896
  9998.000     0.96943
  9998.200     0.98927
  9998.400     0.99750
  9998.600     0.99359
  9998.800     0.98706
  9999.000     0.99422
  9999.200     0.99918
  9999.400     0.99825
  9999.600     0.99350
  9999.800     0.98281
 10000.000     0.97224
 10000.200     0.98896
 10000.400     0.99836
 10000.600     0.99712
 10000.800     0.99478
 10001.000     0.98467
 10001.200     0.96258
 10001.400     0.97125
 10001.600     0.99218
 10001.800     0.99881
 10002.000     0.99770
 10002.200     0.98815
 10002.400     0.97373
 10002.600     0.98786
 10002.800     0.99392
 10003.000     0.98655
 10003.200     0.98973
 10003.400     0.99618
 10003.600     0.99770
 10003.800     0.99883
 10004.000     0.99884
 10004.200     0.99504
 10004.400     0.98945
 10004.600     0.99555
 10004.800     0.99936
 10005.000     0.99935
 10005.200     0.99958
 10005.400     0.99926
 10005.600     0.99837
 10005.800     0.99902
 10006.000     0.99971
 10006.200     0.99986
 10006.400     0.99927
 10006.600     0.99377
 10006.800     0.98553
 10007.000     0.99193
 10007.200     0.99556
 10007.400     0.99765
 10007.600     0.99943
 10007.800     0.99974
 10008.000     0.99969
 10008.200     0.99871
 10008.400     0.98629
 10008.600     0.96029
 10008.800     0.96381
 10009.000     0.98265
 10009.200     0.98693
 10009.400     0.99406
 10009.600     0.99700
 10009.800     0.99718
 10010.000     0.99601
 10010.200     0.99678
 10010.400     0.99893
 10010.600     0.99967
 10010.800     0.99889
 10011.000     0.99772
 10011.200     0.99804
 10011.400     0.99672
 10011.600     0.98781
 10011.800     0.98113
 10012.000     0.99157
 10012.200     0.99793
 10012.400     0.99939
 10012.600     0.99992
 10012.800     0.99999
 10013.000     0.99998
 10013.200     0.99994
 10013.400     0.99976
 10013.600     0.99724
 10013.800     0.99309
 10014.000     0.99604
 10014.200     0.99919
 10014.400     0.99971
 10014.600     0.99815
 10014.800     0.99583
 10015.000     0.99817
 10015.200     0.99944
 10015.400     0.99727
 10015.600     0.99394
 10015.800     0.99678
 10016.000     0.99938
 10016.200     0.99981
 10016.400     0.99949
 10016.600     0.99859
 10016.800     0.99847
 10017.000     0.99824
 10017.200     0.99052
 10017.400     0.97817
 10017.600     0.99025
 10017.800     0.99814
 10018.000     0.99731
 10018.200     0.99468
 10018.400     0.99362
 10018.600     0.99230
 10018.800     0.98941
 10019.000     0.99444
 10019.200     0.99676
 10019.400     0.99479
 10019.600     0.97666
 10019.800     0.94392
 10020.000     0.95187
 10020.200     0.98066
 10020.400     0.99588
 10020.600     0.99437
 10020.800     0.98610
 10021.000     0.98918
 10021.200     0.99463
 10021.400     0.99687
 10021.600     0.99177
 10021.800     0.98549
 10022.000     0.99189
 10022.200     0.99454
 10022.400     0.99782
 10022.600     0.99967
 10022.800     0.99952
 10023.000     0.99884
 10023.200     0.99893
 10023.400     0.99678
 10023.600     0.99301
 10023.800     0.99673
 10024.000     0.99914
 10024.200     0.99970
 10024.400     0.99974
 10024.600     0.99960
 10024.800     0.99924
 10025.000     0.99742
 10025.200     0.99557
 10025.400     0.99331
 10025.600     0.97623
 10025.800     0.95270
 10026.000     0.97021
 10026.200     0.99066
 10026.400     0.99818
 10026.600     0.99953
 10026.800     0.99941
 10027.000     0.99953
 10027.200     0.99770
 10027.400     0.99448
 10027.600     0.99713
 10027.800     0.99828
 10028.000     0.99522
 10028.200     0.98392
 10028.400     0.97012
 10028.600     0.98745
 10028.800     0.99850
 10029.000     0.99898
 10029.200     0.99736
 10029.400     0.99150
 10029.600     0.98564
 10029.800     0.99335
 10030.000     0.99778
 10030.200     0.99901
 10030.400     0.99936
 10030.600     0.99856
 10030.800     0.99672
 10031.000     0.99633
 10031.200     0.99719
 10031.400     0.99054
 10031.600     0.97920
 10031.800     0.97853
 10032.000     0.98080
 10032.200     0.99189
 10032.400     0.99761
 10032.600     0.99205
 10032.800     0.98391
 10033.000     0.99255
 10033.200     0.99887
 10033.400     0.99941
 10033.600     0.99944
 10033.800     0.99845
 10034.000     0.98773
 10034.200     0.96655
 10034.400     0.96947
 10034.600     0.98323
 10034.800     0.99479
 10035.000     0.99909
 10035.200     0.99952
 10035.400     0.99795
 10035.600     0.98832
 10035.800     0.97782
 10036.000     0.98931
 10036.200     0.98640
 10036.400     0.87466
 10036.600     0.67164
 10036.800     0.77722
 10037.000     0.94722
 10037.200     0.99615
 10037.400     0.99954
 10037.600     0.99953
 10037.800     0.99959
 10038.000     0.99829
 10038.200     0.99583
 10038.400     0.99681
 10038.600     0.99891
 10038.800     0.99909
 10039.000     0.99724
 10039.200     0.99425
 10039.400     0.99126
 10039.600     0.99359
 10039.800     0.99724
 10040.000     0.99097
 10040.200     0.97960
 10040.400     0.99115
 10040.600     0.99892
 10040.800     0.99926
 10041.000     0.99834
 10041.200     0.98723
 10041.400     0.96961
 10041.600     0.98307
 10041.800     0.99672
 10042.000     0.99958
 10042.200     0.99988
 10042.400     0.99982
 10042.600     0.99980
 10042.800     0.99992
 10043.000     0.99966
 10043.200     0.99639
 10043.400     0.99177
 10043.600     0.99646
 10043.800     0.99959
 10044.000     0.99968
 10044.200     0.99938
 10044.400     0.99945
 10044.600     0.99971
 10044.800     0.99885
 10045.000     0.99197
 10045.200     0.98243
 10045.400     0.99111
 10045.600     0.99776
 10045.800     0.99800
 10046.000     0.99718
 10046.200     0.98682
 10046.400     0.96754
 10046.600     0.97955
 10046.800     0.99023
 10047.000     0.98404
 10047.200     0.98353
 10047.400     0.98359
 10047.600     0.98074
 10047.800     0.97608
 10048.000     0.97167
 10048.200     0.96363
 10048.400     0.93317
 10048.600     0.86412
 10048.800     0.80587
 10049.000     0.74981
 10049.200     0.70101
 10049.400     0.68570
 10049.600     0.71267
 10049.800     0.77888
 10050.000     0.85994
 10050.200     0.92202
 10050.400     0.95611
 10050.600     0.96859
 10050.800     0.97161
 10051.000     0.97572
 10051.200     0.98078
 10051.400     0.98381
 10051.600     0.98633
 10051.800     0.99036
 10052.000     0.99704
 10052.200     0.99944
 10052.400     0.99905
 10052.600     0.99913
 10052.800     0.99963
 10053.000     0.99928
 10053.200     0.99849
 10053.400     0.99902
 10053.600     0.99973
 10053.800     0.99995
 10054.000     0.99979
 10054.200     0.99933
 10054.400     0.99910
 10054.600     0.99891
 10054.800     0.99710
 10055.000     0.98835
 10055.200     0.98051
 10055.400     0.99144
 10055.600     0.99767
 10055.800     0.99332
 10056.000     0.98349
 10056.200     0.98221
 10056.400     0.99387
 10056.600     0.99902
 10056.800     0.99858
 10057.000     0.99068
 10057.200     0.97608
 10057.400     0.95370
 10057.600     0.90156
 10057.800     0.93650
 10058.000     0.98091
 10058.200     0.98686
 10058.400     0.99433
 10058.600     0.99926
 10058.800     0.99988
 10059.000     0.99995
 10059.200     0.99994
 10059.400     0.99981
 10059.600     0.99760
 10059.800     0.99190
 10060.000     0.99084
 10060.200     0.99673
 10060.400     0.99964
 10060.600     0.99974
 10060.800     0.99841
 10061.000     0.98348
 10061.200     0.96056
 10061.400     0.98218
 10061.600     0.99789
 10061.800     0.99941
 10062.000     0.99966
 10062.200     0.99984
 10062.400     0.99907
 10062.600     0.99739
 10062.800     0.99681
 10063.000     0.99530
 10063.200     0.98501
 10063.400     0.96272
 10063.600     0.96664
 10063.800     0.98632
 10064.000     0.99130
 10064.200     0.99637
 10064.400     0.99910
 10064.600     0.98939
 10064.800     0.88865
 10065.000     0.72758
 10065.200     0.83915
 10065.400     0.96733
 10065.600     0.99745
 10065.800     0.99964
 10066.000     0.99962
 10066.200     0.99916
 10066.400     0.99747
 10066.600     0.99672
 10066.800     0.99767
 10067.000     0.99714
 10067.200     0.99873
 10067.400     0.99955
 10067.600     0.99789
 10067.800     0.99376
 10068.000     0.98349
 10068.200     0.94335
 10068.400     0.91378
 10068.600     0.96697
 10068.800     0.99580
 10069.000     0.99433
 10069.200     0.99392
 10069.400     0.99752
 10069.600     0.99762
 10069.800     0.99579
 10070.000     0.99687
 10070.200     0.99748
 10070.400     0.99539
 10070.600     0.99337
 10070.800     0.99513
 10071.000     0.99454
 10071.200     0.99762
 10071.400     0.99942
 10071.600     0.99904
 10071.800     0.99885
 10072.000     0.99922
 10072.200     0.99978
 10072.400     0.99998
 10072.600     1.00000
 10072.800     1.00000
 10073.000     1.00000
 10073.200     1.00000
 10073.400     1.00000
 10073.600     0.99985
 10073.800     0.99835
 10074.000     0.99557
 10074.200     0.99643
 10074.400     0.99878
 10074.600     0.99898
 10074.800     0.99578
 10075.000     0.99143
 10075.200     0.99604
 10075.400     0.99855
 10075.600     0.99749
 10075.800     0.99852
 10076.000     0.99870
 10076.200     0.99753
 10076.400     0.99686
 10076.600     0.99226
 10076.800     0.98331
 10077.000     0.98005
 10077.200     0.96966
 10077.400     0.98712
 10077.600     0.99725
 10077.800     0.99677
 10078.000     0.99856
 10078.200     0.99917
 10078.400     0.99167
 10078.600     0.97371
 10078.800     0.96444
 10079.000     0.96610
 10079.200     0.98700
 10079.400     0.99832
 10079.600     0.99987
 10079.800     0.99994
 10080.000     0.99851
 10080.200     0.98627
 10080.400     0.96997
 10080.600     0.98734
 10080.800     0.99621
 10081.000     0.99169
 10081.200     0.97746
 10081.400     0.95344
 10081.600     0.98053
 10081.800     0.99836
 10082.000     0.99861
 10082.200     0.99487
 10082.400     0.99080
 10082.600     0.99296
 10082.800     0.99753
 10083.000     0.99425
 10083.200     0.98567
 10083.400     0.99101
 10083.600     0.99660
 10083.800     0.99284
 10084.000     0.97244
 10084.200     0.93011
 10084.400     0.92388
 10084.600     0.97251
 10084.800     0.98231
 10085.000     0.96070
 10085.200     0.97045
 10085.400     0.97624
 10085.600     0.99120
 10085.800     0.99762
 10086.000     0.98423
 10086.200     0.96516
 10086.400     0.98432
 10086.600     0.99703
 10086.800     0.99786
 10087.000     0.99816
 10087.200     0.99196
 10087.400     0.98047
 10087.600     0.98689
 10087.800     0.99684
 10088.000     0.99935
 10088.200     0.99904
 10088.400     0.99951
 10088.600     0.99985
 10088.800     0.99962
 10089.000     0.99842
 10089.200     0.99685
 10089.400     0.99522
 10089.600     0.96938
 10089.800     0.93427
 10090.000     0.97283
 10090.200     0.99768
 10090.400     0.99934
 10090.600     0.99947
 10090.800     0.99742
 10091.000     0.99305
 10091.200     0.99360
 10091.400     0.99027
 10091.600     0.97958
 10091.800     0.98089
 10092.000     0.96205
 10092.200     0.94763
 10092.400     0.97509
 10092.600     0.99247
 10092.800     0.99644
 10093.000     0.99793
 10093.200     0.98865
 10093.400     0.97166
 10093.600     0.98188
 10093.800     0.99594
 10094.000     0.99948
 10094.200     0.99945
 10094.400     0.99967
 10094.600     0.99989
 10094.800     0.99997
 10095.000     0.99974
 10095.200     0.99652
 10095.400     0.99159
 10095.600     0.99617
 10095.800     0.99959
 10096.000     0.99998
 10096.200     0.99981
 10096.400     0.99738
 10096.600     0.99061
 10096.800     0.98802
 10097.000     0.99506
 10097.200     0.99929
 10097.400     0.99953
 10097.600     0.99847
 10097.800     0.99630
 10098.000     0.99457
 10098.200     0.99301
 10098.400     0.98526
 10098.600     0.98781
 10098.800     0.99624
 10099.000     0.99688
 10099.200     0.99319
 10099.400     0.99681
 10099.600     1.00000
 10099.800     1.00000
 10100.000     1.00000
