the number of points per synthesis =   1451
start =  12900.000     stop =  13190.000     step =      0.200
 12900.000     1.00000
 12900.200     1.00000
 12900.400     1.00000
 12900.600     0.99627
 12900.800     0.99662
 12901.000     0.99299
 12901.200     0.99044
 12901.400     0.99408
 12901.600     0.99804
 12901.800     0.99923
 12902.000     0.99940
 12902.200     0.99957
 12902.400     0.99972
 12902.600     0.99947
 12902.800     0.99816
 12903.000     0.99624
 12903.200     0.99468
 12903.400     0.99393
 12903.600     0.99569
 12903.800     0.99749
 12904.000     0.99696
 12904.200     0.99653
 12904.400     0.99804
 12904.600     0.99946
 12904.800     0.99980
 12905.000     0.99955
 12905.200     0.99902
 12905.400     0.99882
 12905.600     0.99868
 12905.800     0.99832
 12906.000     0.99871
 12906.200     0.99952
 12906.400     0.99992
 12906.600     0.99999
 12906.800     1.00000
 12907.000     1.00000
 12907.200     0.99992
 12907.400     0.99938
 12907.600     0.99752
 12907.800     0.99421
 12908.000     0.99206
 12908.200     0.99356
 12908.400     0.99573
 12908.600     0.98709
 12908.800     0.94421
 12909.000     0.89299
 12909.200     0.91023
 12909.400     0.96473
 12909.600     0.98898
 12909.800     0.97486
 12910.000     0.94848
 12910.200     0.95105
 12910.400     0.97743
 12910.600     0.99486
 12910.800     0.99931
 12911.000     0.99983
 12911.200     0.99980
 12911.400     0.99975
 12911.600     0.99985
 12911.800     0.99997
 12912.000     1.00000
 12912.200     0.99999
 12912.400     0.99991
 12912.600     0.99959
 12912.800     0.99891
 12913.000     0.99796
 12913.200     0.99595
 12913.400     0.99420
 12913.600     0.99595
 12913.800     0.99807
 12914.000     0.99862
 12914.200     0.99753
 12914.400     0.99509
 12914.600     0.99423
 12914.800     0.99600
 12915.000     0.99784
 12915.200     0.99901
 12915.400     0.99956
 12915.600     0.99971
 12915.800     0.99966
 12916.000     0.99951
 12916.200     0.99957
 12916.400     0.99977
 12916.600     0.99953
 12916.800     0.99689
 12917.000     0.98922
 12917.200     0.98322
 12917.400     0.98809
 12917.600     0.99458
 12917.800     0.99663
 12918.000     0.99768
 12918.200     0.99893
 12918.400     0.99964
 12918.600     0.99986
 12918.800     0.99992
 12919.000     0.99993
 12919.200     0.99982
 12919.400     0.99884
 12919.600     0.99481
 12919.800     0.98910
 12920.000     0.98918
 12920.200     0.99433
 12920.400     0.99751
 12920.600     0.99878
 12920.800     0.99961
 12921.000     0.99975
 12921.200     0.99855
 12921.400     0.99424
 12921.600     0.98759
 12921.800     0.98635
 12922.000     0.99304
 12922.200     0.99848
 12922.400     0.99986
 12922.600     0.99999
 12922.800     0.99995
 12923.000     0.99992
 12923.200     0.99995
 12923.400     0.99999
 12923.600     0.99997
 12923.800     0.99987
 12924.000     0.99975
 12924.200     0.99980
 12924.400     0.99989
 12924.600     0.99983
 12924.800     0.99968
 12925.000     0.99964
 12925.200     0.99933
 12925.400     0.99817
 12925.600     0.99729
 12925.800     0.99802
 12926.000     0.99858
 12926.200     0.99874
 12926.400     0.99932
 12926.600     0.99954
 12926.800     0.99878
 12927.000     0.99794
 12927.200     0.99797
 12927.400     0.99807
 12927.600     0.99861
 12927.800     0.99933
 12928.000     0.99898
 12928.200     0.99598
 12928.400     0.99055
 12928.600     0.98830
 12928.800     0.98942
 12929.000     0.98982
 12929.200     0.99357
 12929.400     0.99744
 12929.600     0.99869
 12929.800     0.99909
 12930.000     0.99870
 12930.200     0.99785
 12930.400     0.99793
 12930.600     0.99892
 12930.800     0.99943
 12931.000     0.99933
 12931.200     0.99933
 12931.400     0.99931
 12931.600     0.99857
 12931.800     0.99058
 12932.000     0.95143
 12932.200     0.88558
 12932.400     0.87397
 12932.600     0.92737
 12932.800     0.93782
 12933.000     0.91695
 12933.200     0.94837
 12933.400     0.98646
 12933.600     0.99779
 12933.800     0.99951
 12934.000     0.99881
 12934.200     0.98850
 12934.400     0.94607
 12934.600     0.89854
 12934.800     0.91842
 12935.000     0.96856
 12935.200     0.99217
 12935.400     0.99620
 12935.600     0.99742
 12935.800     0.99883
 12936.000     0.99946
 12936.200     0.99949
 12936.400     0.99862
 12936.600     0.99190
 12936.800     0.96724
 12937.000     0.94576
 12937.200     0.96572
 12937.400     0.99140
 12937.600     0.99905
 12937.800     0.99994
 12938.000     0.99994
 12938.200     0.99988
 12938.400     0.99977
 12938.600     0.99974
 12938.800     0.99982
 12939.000     0.99987
 12939.200     0.99972
 12939.400     0.99851
 12939.600     0.99411
 12939.800     0.98736
 12940.000     0.98629
 12940.200     0.99296
 12940.400     0.99698
 12940.600     0.99046
 12940.800     0.97069
 12941.000     0.95900
 12941.200     0.97625
 12941.400     0.99393
 12941.600     0.99871
 12941.800     0.99953
 12942.000     0.99966
 12942.200     0.99890
 12942.400     0.99607
 12942.600     0.99340
 12942.800     0.99532
 12943.000     0.99843
 12943.200     0.99953
 12943.400     0.99965
 12943.600     0.99956
 12943.800     0.99858
 12944.000     0.99604
 12944.200     0.99457
 12944.400     0.99668
 12944.600     0.99891
 12944.800     0.99960
 12945.000     0.99982
 12945.200     0.99989
 12945.400     0.99972
 12945.600     0.99898
 12945.800     0.99771
 12946.000     0.99672
 12946.200     0.99633
 12946.400     0.99608
 12946.600     0.99599
 12946.800     0.99702
 12947.000     0.99807
 12947.200     0.99901
 12947.400     0.99955
 12947.600     0.99939
 12947.800     0.99914
 12948.000     0.99919
 12948.200     0.99837
 12948.400     0.99695
 12948.600     0.99722
 12948.800     0.99876
 12949.000     0.99965
 12949.200     0.99973
 12949.400     0.99876
 12949.600     0.99486
 12949.800     0.98834
 12950.000     0.98568
 12950.200     0.99012
 12950.400     0.99515
 12950.600     0.99587
 12950.800     0.99417
 12951.000     0.99480
 12951.200     0.99774
 12951.400     0.99958
 12951.600     0.99997
 12951.800     0.99999
 12952.000     0.99997
 12952.200     0.99991
 12952.400     0.99962
 12952.600     0.99855
 12952.800     0.99753
 12953.000     0.99828
 12953.200     0.99934
 12953.400     0.99925
 12953.600     0.99784
 12953.800     0.99637
 12954.000     0.99714
 12954.200     0.99892
 12954.400     0.99980
 12954.600     0.99995
 12954.800     0.99990
 12955.000     0.99969
 12955.200     0.99886
 12955.400     0.99629
 12955.600     0.99321
 12955.800     0.99363
 12956.000     0.99612
 12956.200     0.99747
 12956.400     0.99845
 12956.600     0.99937
 12956.800     0.99981
 12957.000     0.99995
 12957.200     0.99997
 12957.400     0.99990
 12957.600     0.99979
 12957.800     0.99974
 12958.000     0.99975
 12958.200     0.99985
 12958.400     0.99993
 12958.600     0.99997
 12958.800     0.99999
 12959.000     0.99999
 12959.200     0.99994
 12959.400     0.99977
 12959.600     0.99909
 12959.800     0.99738
 12960.000     0.99604
 12960.200     0.99685
 12960.400     0.99812
 12960.600     0.99859
 12960.800     0.99843
 12961.000     0.99786
 12961.200     0.99782
 12961.400     0.99883
 12961.600     0.99944
 12961.800     0.99757
 12962.000     0.98988
 12962.200     0.98305
 12962.400     0.98893
 12962.600     0.99678
 12962.800     0.99859
 12963.000     0.99819
 12963.200     0.99862
 12963.400     0.99886
 12963.600     0.99805
 12963.800     0.99750
 12964.000     0.99681
 12964.200     0.99101
 12964.400     0.98469
 12964.600     0.98914
 12964.800     0.99652
 12965.000     0.99941
 12965.200     0.99991
 12965.400     0.99995
 12965.600     0.99992
 12965.800     0.99980
 12966.000     0.99960
 12966.200     0.99958
 12966.400     0.99975
 12966.600     0.99985
 12966.800     0.99979
 12967.000     0.99932
 12967.200     0.99768
 12967.400     0.99622
 12967.600     0.99734
 12967.800     0.99911
 12968.000     0.99981
 12968.200     0.99993
 12968.400     0.99989
 12968.600     0.99983
 12968.800     0.99973
 12969.000     0.99891
 12969.200     0.99547
 12969.400     0.99074
 12969.600     0.99056
 12969.800     0.99254
 12970.000     0.98946
 12970.200     0.98157
 12970.400     0.97219
 12970.600     0.97147
 12970.800     0.98465
 12971.000     0.99603
 12971.200     0.99944
 12971.400     0.99994
 12971.600     0.99999
 12971.800     0.99994
 12972.000     0.99971
 12972.200     0.99946
 12972.400     0.99957
 12972.600     0.99984
 12972.800     0.99995
 12973.000     0.99996
 12973.200     0.99998
 12973.400     0.99999
 12973.600     0.99999
 12973.800     0.99979
 12974.000     0.99793
 12974.200     0.99138
 12974.400     0.98588
 12974.600     0.99031
 12974.800     0.99510
 12975.000     0.99634
 12975.200     0.99601
 12975.400     0.98063
 12975.600     0.90871
 12975.800     0.79687
 12976.000     0.78915
 12976.200     0.90059
 12976.400     0.98010
 12976.600     0.99712
 12976.800     0.99715
 12977.000     0.99609
 12977.200     0.99462
 12977.400     0.99374
 12977.600     0.99531
 12977.800     0.99763
 12978.000     0.99920
 12978.200     0.99980
 12978.400     0.99965
 12978.600     0.99915
 12978.800     0.99887
 12979.000     0.99835
 12979.200     0.99572
 12979.400     0.99287
 12979.600     0.99403
 12979.800     0.99705
 12980.000     0.99902
 12980.200     0.99975
 12980.400     0.99971
 12980.600     0.99890
 12980.800     0.99783
 12981.000     0.99806
 12981.200     0.99913
 12981.400     0.99957
 12981.600     0.99835
 12981.800     0.99401
 12982.000     0.99034
 12982.200     0.99296
 12982.400     0.99561
 12982.600     0.99547
 12982.800     0.99618
 12983.000     0.99808
 12983.200     0.99935
 12983.400     0.99958
 12983.600     0.99939
 12983.800     0.99925
 12984.000     0.99929
 12984.200     0.99963
 12984.400     0.99990
 12984.600     0.99991
 12984.800     0.99976
 12985.000     0.99958
 12985.200     0.99964
 12985.400     0.99986
 12985.600     0.99994
 12985.800     0.99987
 12986.000     0.99939
 12986.200     0.99771
 12986.400     0.99565
 12986.600     0.99577
 12986.800     0.99758
 12987.000     0.99902
 12987.200     0.99856
 12987.400     0.99525
 12987.600     0.99268
 12987.800     0.99541
 12988.000     0.99859
 12988.200     0.99964
 12988.400     0.99993
 12988.600     0.99999
 12988.800     0.99996
 12989.000     0.99984
 12989.200     0.99954
 12989.400     0.99930
 12989.600     0.99947
 12989.800     0.99962
 12990.000     0.99942
 12990.200     0.99901
 12990.400     0.99857
 12990.600     0.99843
 12990.800     0.99877
 12991.000     0.99935
 12991.200     0.99970
 12991.400     0.99976
 12991.600     0.99976
 12991.800     0.99950
 12992.000     0.99918
 12992.200     0.99928
 12992.400     0.99902
 12992.600     0.99807
 12992.800     0.99748
 12993.000     0.99661
 12993.200     0.99383
 12993.400     0.99273
 12993.600     0.99586
 12993.800     0.99855
 12994.000     0.99951
 12994.200     0.99987
 12994.400     0.99995
 12994.600     0.99996
 12994.800     0.99977
 12995.000     0.99890
 12995.200     0.99763
 12995.400     0.99641
 12995.600     0.99548
 12995.800     0.99680
 12996.000     0.99886
 12996.200     0.99977
 12996.400     0.99987
 12996.600     0.99954
 12996.800     0.99927
 12997.000     0.99954
 12997.200     0.99987
 12997.400     0.99986
 12997.600     0.99935
 12997.800     0.99825
 12998.000     0.99762
 12998.200     0.99798
 12998.400     0.99806
 12998.600     0.99829
 12998.800     0.99918
 12999.000     0.99979
 12999.200     0.99987
 12999.400     0.99963
 12999.600     0.99869
 12999.800     0.99740
 13000.000     0.99756
 13000.200     0.99878
 13000.400     0.99822
 13000.600     0.99279
 13000.800     0.98739
 13001.000     0.98851
 13001.200     0.98301
 13001.400     0.97532
 13001.600     0.98431
 13001.800     0.99461
 13002.000     0.99563
 13002.200     0.99414
 13002.400     0.99592
 13002.600     0.99825
 13002.800     0.99917
 13003.000     0.99864
 13003.200     0.99522
 13003.400     0.99188
 13003.600     0.99439
 13003.800     0.99833
 13004.000     0.99977
 13004.200     0.99999
 13004.400     0.99999
 13004.600     0.99997
 13004.800     0.99981
 13005.000     0.99895
 13005.200     0.99680
 13005.400     0.99559
 13005.600     0.99743
 13005.800     0.99921
 13006.000     0.99931
 13006.200     0.99476
 13006.400     0.97469
 13006.600     0.94971
 13006.800     0.95605
 13007.000     0.98192
 13007.200     0.99542
 13007.400     0.99735
 13007.600     0.99830
 13007.800     0.99941
 13008.000     0.99968
 13008.200     0.99960
 13008.400     0.99971
 13008.600     0.99983
 13008.800     0.99986
 13009.000     0.99986
 13009.200     0.99949
 13009.400     0.99805
 13009.600     0.99680
 13009.800     0.99791
 13010.000     0.99942
 13010.200     0.99986
 13010.400     0.99981
 13010.600     0.99971
 13010.800     0.99929
 13011.000     0.99729
 13011.200     0.99379
 13011.400     0.99089
 13011.600     0.98804
 13011.800     0.98564
 13012.000     0.98815
 13012.200     0.99414
 13012.400     0.99733
 13012.600     0.99808
 13012.800     0.99868
 13013.000     0.99926
 13013.200     0.99904
 13013.400     0.99840
 13013.600     0.99855
 13013.800     0.99894
 13014.000     0.99897
 13014.200     0.99903
 13014.400     0.99638
 13014.600     0.98441
 13014.800     0.97313
 13015.000     0.98195
 13015.200     0.99432
 13015.400     0.99552
 13015.600     0.98779
 13015.800     0.97948
 13016.000     0.98179
 13016.200     0.99182
 13016.400     0.99821
 13016.600     0.99974
 13016.800     0.99990
 13017.000     0.99989
 13017.200     0.99978
 13017.400     0.99931
 13017.600     0.99848
 13017.800     0.99816
 13018.000     0.99862
 13018.200     0.99856
 13018.400     0.99789
 13018.600     0.99780
 13018.800     0.99804
 13019.000     0.99824
 13019.200     0.99901
 13019.400     0.99967
 13019.600     0.99989
 13019.800     0.99996
 13020.000     0.99998
 13020.200     0.99994
 13020.400     0.99978
 13020.600     0.99925
 13020.800     0.99829
 13021.000     0.99790
 13021.200     0.99846
 13021.400     0.99904
 13021.600     0.99942
 13021.800     0.99946
 13022.000     0.99907
 13022.200     0.99820
 13022.400     0.99736
 13022.600     0.99764
 13022.800     0.99815
 13023.000     0.99882
 13023.200     0.99952
 13023.400     0.99972
 13023.600     0.99888
 13023.800     0.99590
 13024.000     0.99277
 13024.200     0.99379
 13024.400     0.99712
 13024.600     0.99921
 13024.800     0.99983
 13025.000     0.99987
 13025.200     0.99983
 13025.400     0.99990
 13025.600     0.99998
 13025.800     0.99995
 13026.000     0.99950
 13026.200     0.99780
 13026.400     0.99639
 13026.600     0.99780
 13026.800     0.99947
 13027.000     0.99991
 13027.200     0.99995
 13027.400     0.99994
 13027.600     0.99990
 13027.800     0.99987
 13028.000     0.99990
 13028.200     0.99990
 13028.400     0.99980
 13028.600     0.99962
 13028.800     0.99854
 13029.000     0.98612
 13029.200     0.92768
 13029.400     0.83198
 13029.600     0.81810
 13029.800     0.91052
 13030.000     0.98111
 13030.200     0.99661
 13030.400     0.98165
 13030.600     0.90680
 13030.800     0.78975
 13031.000     0.77868
 13031.200     0.89223
 13031.400     0.97637
 13031.600     0.99647
 13031.800     0.99838
 13032.000     0.99894
 13032.200     0.99866
 13032.400     0.99764
 13032.600     0.99782
 13032.800     0.99859
 13033.000     0.99381
 13033.200     0.96402
 13033.400     0.89686
 13033.600     0.86221
 13033.800     0.91913
 13034.000     0.97851
 13034.200     0.99612
 13034.400     0.99868
 13034.600     0.99865
 13034.800     0.99828
 13035.000     0.99877
 13035.200     0.99939
 13035.400     0.99920
 13035.600     0.99774
 13035.800     0.99428
 13036.000     0.99212
 13036.200     0.99531
 13036.400     0.99775
 13036.600     0.99501
 13036.800     0.99132
 13037.000     0.99143
 13037.200     0.98995
 13037.400     0.98844
 13037.600     0.99324
 13037.800     0.99761
 13038.000     0.99845
 13038.200     0.99899
 13038.400     0.99958
 13038.600     0.99956
 13038.800     0.99867
 13039.000     0.99679
 13039.200     0.98628
 13039.400     0.94326
 13039.600     0.89976
 13039.800     0.92791
 13040.000     0.97710
 13040.200     0.99650
 13040.400     0.99932
 13040.600     0.99874
 13040.800     0.99826
 13041.000     0.99873
 13041.200     0.99891
 13041.400     0.99858
 13041.600     0.99895
 13041.800     0.99961
 13042.000     0.99990
 13042.200     0.99997
 13042.400     0.99999
 13042.600     1.00000
 13042.800     1.00000
 13043.000     1.00000
 13043.200     0.99999
 13043.400     0.99995
 13043.600     0.99975
 13043.800     0.99905
 13044.000     0.99817
 13044.200     0.99831
 13044.400     0.99925
 13044.600     0.99984
 13044.800     0.99999
 13045.000     0.99999
 13045.200     0.99985
 13045.400     0.99933
 13045.600     0.99869
 13045.800     0.99866
 13046.000     0.99898
 13046.200     0.99928
 13046.400     0.99965
 13046.600     0.99985
 13046.800     0.99987
 13047.000     0.99989
 13047.200     0.99965
 13047.400     0.99801
 13047.600     0.99304
 13047.800     0.97850
 13048.000     0.93840
 13048.200     0.90664
 13048.400     0.93780
 13048.600     0.97487
 13048.800     0.99058
 13049.000     0.99728
 13049.200     0.99916
 13049.400     0.99971
 13049.600     0.99993
 13049.800     0.99994
 13050.000     0.99979
 13050.200     0.99952
 13050.400     0.99929
 13050.600     0.99893
 13050.800     0.99845
 13051.000     0.99873
 13051.200     0.99942
 13051.400     0.99970
 13051.600     0.99940
 13051.800     0.99862
 13052.000     0.99815
 13052.200     0.99861
 13052.400     0.99908
 13052.600     0.99864
 13052.800     0.99789
 13053.000     0.99749
 13053.200     0.98887
 13053.400     0.95219
 13053.600     0.91855
 13053.800     0.94637
 13054.000     0.98532
 13054.200     0.99804
 13054.400     0.99970
 13054.600     0.99946
 13054.800     0.99861
 13055.000     0.99729
 13055.200     0.99488
 13055.400     0.99301
 13055.600     0.99543
 13055.800     0.99852
 13056.000     0.99954
 13056.200     0.99925
 13056.400     0.99836
 13056.600     0.99785
 13056.800     0.99770
 13057.000     0.99745
 13057.200     0.99773
 13057.400     0.99535
 13057.600     0.98242
 13057.800     0.96369
 13058.000     0.96414
 13058.200     0.98331
 13058.400     0.99637
 13058.600     0.99938
 13058.800     0.99949
 13059.000     0.99832
 13059.200     0.99502
 13059.400     0.99263
 13059.600     0.99482
 13059.800     0.99605
 13060.000     0.99116
 13060.200     0.98030
 13060.400     0.97401
 13060.600     0.98161
 13060.800     0.99217
 13061.000     0.99715
 13061.200     0.99867
 13061.400     0.99911
 13061.600     0.99870
 13061.800     0.99660
 13062.000     0.99377
 13062.200     0.99397
 13062.400     0.99709
 13062.600     0.99893
 13062.800     0.99831
 13063.000     0.99743
 13063.200     0.99832
 13063.400     0.99944
 13063.600     0.99986
 13063.800     0.99998
 13064.000     0.99997
 13064.200     0.99988
 13064.400     0.99980
 13064.600     0.99987
 13064.800     0.99993
 13065.000     0.99992
 13065.200     0.99995
 13065.400     0.99997
 13065.600     0.99975
 13065.800     0.99878
 13066.000     0.99755
 13066.200     0.99724
 13066.400     0.99760
 13066.600     0.99877
 13066.800     0.99968
 13067.000     0.99985
 13067.200     0.99987
 13067.400     0.99991
 13067.600     0.99980
 13067.800     0.99953
 13068.000     0.99939
 13068.200     0.99953
 13068.400     0.99978
 13068.600     0.99989
 13068.800     0.99979
 13069.000     0.99918
 13069.200     0.99821
 13069.400     0.99814
 13069.600     0.99910
 13069.800     0.99980
 13070.000     0.99985
 13070.200     0.99934
 13070.400     0.99835
 13070.600     0.99774
 13070.800     0.99824
 13071.000     0.99902
 13071.200     0.99930
 13071.400     0.99950
 13071.600     0.99971
 13071.800     0.99955
 13072.000     0.99886
 13072.200     0.99823
 13072.400     0.99799
 13072.600     0.99718
 13072.800     0.99708
 13073.000     0.99857
 13073.200     0.99971
 13073.400     0.99993
 13073.600     0.99965
 13073.800     0.99875
 13074.000     0.99750
 13074.200     0.99689
 13074.400     0.99737
 13074.600     0.99827
 13074.800     0.99849
 13075.000     0.99866
 13075.200     0.99919
 13075.400     0.99954
 13075.600     0.99952
 13075.800     0.99895
 13076.000     0.99845
 13076.200     0.99883
 13076.400     0.99910
 13076.600     0.99812
 13076.800     0.99462
 13077.000     0.98326
 13077.200     0.96333
 13077.400     0.95466
 13077.600     0.96761
 13077.800     0.98560
 13078.000     0.99567
 13078.200     0.99845
 13078.400     0.99860
 13078.600     0.99865
 13078.800     0.99692
 13079.000     0.99400
 13079.200     0.99444
 13079.400     0.99759
 13079.600     0.99952
 13079.800     0.99986
 13080.000     0.99981
 13080.200     0.99986
 13080.400     0.99995
 13080.600     0.99999
 13080.800     1.00000
 13081.000     1.00000
 13081.200     1.00000
 13081.400     0.99997
 13081.600     0.99973
 13081.800     0.99887
 13082.000     0.99819
 13082.200     0.99890
 13082.400     0.99946
 13082.600     0.99743
 13082.800     0.99015
 13083.000     0.98455
 13083.200     0.99053
 13083.400     0.99725
 13083.600     0.99827
 13083.800     0.99753
 13084.000     0.99738
 13084.200     0.99789
 13084.400     0.99854
 13084.600     0.99853
 13084.800     0.99810
 13085.000     0.99800
 13085.200     0.99883
 13085.400     0.99815
 13085.600     0.98516
 13085.800     0.93786
 13086.000     0.89179
 13086.200     0.91406
 13086.400     0.95685
 13086.600     0.98338
 13086.800     0.99614
 13087.000     0.99948
 13087.200     0.99974
 13087.400     0.99925
 13087.600     0.99845
 13087.800     0.99823
 13088.000     0.99904
 13088.200     0.99964
 13088.400     0.99969
 13088.600     0.99977
 13088.800     0.99991
 13089.000     0.99991
 13089.200     0.99972
 13089.400     0.99911
 13089.600     0.99806
 13089.800     0.99754
 13090.000     0.99812
 13090.200     0.99890
 13090.400     0.99936
 13090.600     0.99848
 13090.800     0.99493
 13091.000     0.99239
 13091.200     0.99550
 13091.400     0.99897
 13091.600     0.99990
 13091.800     1.00000
 13092.000     1.00000
 13092.200     1.00000
 13092.400     1.00000
 13092.600     1.00000
 13092.800     1.00000
 13093.000     1.00000
 13093.200     1.00000
 13093.400     1.00000
 13093.600     0.99997
 13093.800     0.99973
 13094.000     0.99891
 13094.200     0.99801
 13094.400     0.99832
 13094.600     0.99930
 13094.800     0.99983
 13095.000     0.99986
 13095.200     0.99965
 13095.400     0.99945
 13095.600     0.99960
 13095.800     0.99984
 13096.000     0.99985
 13096.200     0.99961
 13096.400     0.99932
 13096.600     0.99934
 13096.800     0.99954
 13097.000     0.99936
 13097.200     0.99792
 13097.400     0.99652
 13097.600     0.99746
 13097.800     0.99884
 13098.000     0.99924
 13098.200     0.99717
 13098.400     0.98435
 13098.600     0.93989
 13098.800     0.88887
 13099.000     0.90572
 13099.200     0.96033
 13099.400     0.98944
 13099.600     0.99687
 13099.800     0.99852
 13100.000     0.99806
 13100.200     0.99742
 13100.400     0.99815
 13100.600     0.99872
 13100.800     0.99859
 13101.000     0.99894
 13101.200     0.99904
 13101.400     0.99489
 13101.600     0.96406
 13101.800     0.85911
 13102.000     0.73235
 13102.200     0.75089
 13102.400     0.87571
 13102.600     0.94972
 13102.800     0.97574
 13103.000     0.98771
 13103.200     0.99062
 13103.400     0.99402
 13103.600     0.99694
 13103.800     0.99828
 13104.000     0.99899
 13104.200     0.99834
 13104.400     0.99643
 13104.600     0.99574
 13104.800     0.99702
 13105.000     0.99774
 13105.200     0.99820
 13105.400     0.99891
 13105.600     0.99867
 13105.800     0.99811
 13106.000     0.99868
 13106.200     0.99950
 13106.400     0.99987
 13106.600     0.99994
 13106.800     0.99988
 13107.000     0.99983
 13107.200     0.99986
 13107.400     0.99938
 13107.600     0.99492
 13107.800     0.98045
 13108.000     0.96934
 13108.200     0.98065
 13108.400     0.99378
 13108.600     0.99819
 13108.800     0.99950
 13109.000     0.99988
 13109.200     0.99998
 13109.400     1.00000
 13109.600     0.99999
 13109.800     0.99989
 13110.000     0.99953
 13110.200     0.99909
 13110.400     0.99812
 13110.600     0.99474
 13110.800     0.99223
 13111.000     0.99545
 13111.200     0.99893
 13111.400     0.99970
 13111.600     0.99937
 13111.800     0.99852
 13112.000     0.99578
 13112.200     0.98692
 13112.400     0.97767
 13112.600     0.98042
 13112.800     0.98845
 13113.000     0.99338
 13113.200     0.99336
 13113.400     0.99329
 13113.600     0.99659
 13113.800     0.99922
 13114.000     0.99985
 13114.200     0.99991
 13114.400     0.99993
 13114.600     0.99997
 13114.800     0.99999
 13115.000     0.99998
 13115.200     0.99992
 13115.400     0.99981
 13115.600     0.99964
 13115.800     0.99890
 13116.000     0.99735
 13116.200     0.99550
 13116.400     0.99485
 13116.600     0.99506
 13116.800     0.98614
 13117.000     0.96206
 13117.200     0.94859
 13117.400     0.96226
 13117.600     0.95911
 13117.800     0.94151
 13118.000     0.95590
 13118.200     0.98331
 13118.400     0.99611
 13118.600     0.99897
 13118.800     0.99950
 13119.000     0.99966
 13119.200     0.99972
 13119.400     0.99977
 13119.600     0.99980
 13119.800     0.99980
 13120.000     0.99946
 13120.200     0.99793
 13120.400     0.99631
 13120.600     0.99724
 13120.800     0.99899
 13121.000     0.99961
 13121.200     0.99959
 13121.400     0.99917
 13121.600     0.99672
 13121.800     0.98916
 13122.000     0.98213
 13122.200     0.98454
 13122.400     0.98952
 13122.600     0.99109
 13122.800     0.96983
 13123.000     0.86475
 13123.200     0.67656
 13123.400     0.57149
 13123.600     0.66406
 13123.800     0.85500
 13124.000     0.96408
 13124.200     0.98638
 13124.400     0.99108
 13124.600     0.99558
 13124.800     0.99816
 13125.000     0.99892
 13125.200     0.99843
 13125.400     0.99775
 13125.600     0.99822
 13125.800     0.99910
 13126.000     0.99960
 13126.200     0.99986
 13126.400     0.99995
 13126.600     0.99993
 13126.800     0.99994
 13127.000     0.99997
 13127.200     0.99999
 13127.400     1.00000
 13127.600     1.00000
 13127.800     1.00000
 13128.000     0.99999
 13128.200     0.99997
 13128.400     0.99991
 13128.600     0.99989
 13128.800     0.99992
 13129.000     0.99992
 13129.200     0.99993
 13129.400     0.99992
 13129.600     0.99960
 13129.800     0.99774
 13130.000     0.99267
 13130.200     0.98925
 13130.400     0.99353
 13130.600     0.99832
 13130.800     0.99967
 13131.000     0.99970
 13131.200     0.99920
 13131.400     0.99864
 13131.600     0.99857
 13131.800     0.99818
 13132.000     0.99800
 13132.200     0.99891
 13132.400     0.99973
 13132.600     0.99995
 13132.800     0.99993
 13133.000     0.99979
 13133.200     0.99968
 13133.400     0.99973
 13133.600     0.99963
 13133.800     0.99925
 13134.000     0.99894
 13134.200     0.99851
 13134.400     0.99081
 13134.600     0.94936
 13134.800     0.86783
 13135.000     0.83640
 13135.200     0.90686
 13135.400     0.97542
 13135.600     0.99619
 13135.800     0.99868
 13136.000     0.99872
 13136.200     0.99905
 13136.400     0.99932
 13136.600     0.99954
 13136.800     0.99966
 13137.000     0.99969
 13137.200     0.99967
 13137.400     0.99975
 13137.600     0.99990
 13137.800     0.99998
 13138.000     0.99997
 13138.200     0.99996
 13138.400     0.99997
 13138.600     0.99995
 13138.800     0.99981
 13139.000     0.99949
 13139.200     0.99928
 13139.400     0.99941
 13139.600     0.99937
 13139.800     0.99929
 13140.000     0.99948
 13140.200     0.99947
 13140.400     0.99915
 13140.600     0.99919
 13140.800     0.99956
 13141.000     0.99974
 13141.200     0.99979
 13141.400     0.99972
 13141.600     0.99964
 13141.800     0.99977
 13142.000     0.99986
 13142.200     0.99986
 13142.400     0.99988
 13142.600     0.99992
 13142.800     0.99997
 13143.000     0.99999
 13143.200     1.00000
 13143.400     1.00000
 13143.600     1.00000
 13143.800     1.00000
 13144.000     1.00000
 13144.200     1.00000
 13144.400     0.99989
 13144.600     0.99864
 13144.800     0.99355
 13145.000     0.98801
 13145.200     0.99063
 13145.400     0.99666
 13145.600     0.99944
 13145.800     0.99986
 13146.000     0.99981
 13146.200     0.99985
 13146.400     0.99982
 13146.600     0.99889
 13146.800     0.99569
 13147.000     0.99284
 13147.200     0.99413
 13147.400     0.98850
 13147.600     0.95150
 13147.800     0.88790
 13148.000     0.87528
 13148.200     0.93795
 13148.400     0.98710
 13148.600     0.99784
 13148.800     0.99796
 13149.000     0.99828
 13149.200     0.99893
 13149.400     0.99869
 13149.600     0.99799
 13149.800     0.99756
 13150.000     0.99331
 13150.200     0.96086
 13150.400     0.84230
 13150.600     0.66718
 13150.800     0.62212
 13151.000     0.75714
 13151.200     0.91260
 13151.400     0.97973
 13151.600     0.99093
 13151.800     0.99445
 13152.000     0.99746
 13152.200     0.99326
 13152.400     0.96449
 13152.600     0.90557
 13152.800     0.88313
 13153.000     0.93754
 13153.200     0.98639
 13153.400     0.99869
 13153.600     0.99986
 13153.800     0.99949
 13154.000     0.99449
 13154.200     0.96994
 13154.400     0.92445
 13154.600     0.91101
 13154.800     0.95349
 13155.000     0.98973
 13155.200     0.99865
 13155.400     0.99874
 13155.600     0.99817
 13155.800     0.99892
 13156.000     0.99973
 13156.200     0.99994
 13156.400     0.99998
 13156.600     0.99999
 13156.800     0.99999
 13157.000     0.99994
 13157.200     0.99986
 13157.400     0.99981
 13157.600     0.99976
 13157.800     0.99962
 13158.000     0.99939
 13158.200     0.99867
 13158.400     0.99523
 13158.600     0.98709
 13158.800     0.98214
 13159.000     0.98894
 13159.200     0.99667
 13159.400     0.99922
 13159.600     0.99973
 13159.800     0.99984
 13160.000     0.99953
 13160.200     0.99711
 13160.400     0.98990
 13160.600     0.98370
 13160.800     0.98815
 13161.000     0.99586
 13161.200     0.99876
 13161.400     0.99762
 13161.600     0.99579
 13161.800     0.99653
 13162.000     0.99837
 13162.200     0.99946
 13162.400     0.99983
 13162.600     0.99983
 13162.800     0.99952
 13163.000     0.99920
 13163.200     0.99910
 13163.400     0.99628
 13163.600     0.98392
 13163.800     0.96720
 13164.000     0.96800
 13164.200     0.98328
 13164.400     0.98819
 13164.600     0.97100
 13164.800     0.94664
 13165.000     0.94670
 13165.200     0.96832
 13165.400     0.98861
 13165.600     0.99768
 13165.800     0.99953
 13166.000     0.99911
 13166.200     0.99831
 13166.400     0.99844
 13166.600     0.99930
 13166.800     0.99985
 13167.000     0.99994
 13167.200     0.99928
 13167.400     0.99484
 13167.600     0.98263
 13167.800     0.97478
 13168.000     0.98537
 13168.200     0.99622
 13168.400     0.99871
 13168.600     0.99885
 13168.800     0.99727
 13169.000     0.99214
 13169.200     0.98736
 13169.400     0.98991
 13169.600     0.99562
 13169.800     0.99789
 13170.000     0.99772
 13170.200     0.99762
 13170.400     0.99629
 13170.600     0.99515
 13170.800     0.99715
 13171.000     0.99900
 13171.200     0.99919
 13171.400     0.99927
 13171.600     0.99963
 13171.800     0.99972
 13172.000     0.99932
 13172.200     0.99896
 13172.400     0.99922
 13172.600     0.99963
 13172.800     0.99985
 13173.000     0.99995
 13173.200     0.99994
 13173.400     0.99983
 13173.600     0.99972
 13173.800     0.99968
 13174.000     0.99968
 13174.200     0.99975
 13174.400     0.99975
 13174.600     0.99967
 13174.800     0.99971
 13175.000     0.99977
 13175.200     0.99977
 13175.400     0.99972
 13175.600     0.99963
 13175.800     0.99947
 13176.000     0.99900
 13176.200     0.99485
 13176.400     0.96392
 13176.600     0.85133
 13176.800     0.70129
 13177.000     0.70794
 13177.200     0.86274
 13177.400     0.96975
 13177.600     0.99608
 13177.800     0.99908
 13178.000     0.99924
 13178.200     0.99906
 13178.400     0.99904
 13178.600     0.99941
 13178.800     0.99973
 13179.000     0.99985
 13179.200     0.99980
 13179.400     0.99945
 13179.600     0.99910
 13179.800     0.99919
 13180.000     0.99913
 13180.200     0.99897
 13180.400     0.99932
 13180.600     0.99960
 13180.800     0.99938
 13181.000     0.99907
 13181.200     0.99925
 13181.400     0.99970
 13181.600     0.99994
 13181.800     0.99986
 13182.000     0.99890
 13182.200     0.99592
 13182.400     0.99376
 13182.600     0.99633
 13182.800     0.99916
 13183.000     0.99989
 13183.200     0.99992
 13183.400     0.99967
 13183.600     0.99915
 13183.800     0.99897
 13184.000     0.99941
 13184.200     0.99969
 13184.400     0.99958
 13184.600     0.99921
 13184.800     0.99853
 13185.000     0.99838
 13185.200     0.99917
 13185.400     0.99981
 13185.600     0.99993
 13185.800     0.99970
 13186.000     0.99923
 13186.200     0.99902
 13186.400     0.99929
 13186.600     0.99952
 13186.800     0.99937
 13187.000     0.99898
 13187.200     0.99890
 13187.400     0.99922
 13187.600     0.99967
 13187.800     0.99990
 13188.000     0.99997
 13188.200     0.99999
 13188.400     0.99996
 13188.600     0.99979
 13188.800     0.99960
 13189.000     0.99969
 13189.200     0.99989
 13189.400     0.99998
 13189.600     1.00000
 13189.800     1.00000
 13190.000     1.00000
