the number of points per synthesis =    801
start =   9760.000     stop =   9920.000     step =      0.200
  9760.000     1.00000
  9760.200     1.00000
  9760.400     1.00000
  9760.600     0.99251
  9760.800     0.99489
  9761.000     0.99233
  9761.200     0.99514
  9761.400     0.99707
  9761.600     0.99535
  9761.800     0.99703
  9762.000     0.99856
  9762.200     0.99291
  9762.400     0.98335
  9762.600     0.99149
  9762.800     0.97889
  9763.000     0.94195
  9763.200     0.88103
  9763.400     0.76517
  9763.600     0.85989
  9763.800     0.85374
  9764.000     0.87305
  9764.200     0.93859
  9764.400     0.93594
  9764.600     0.96948
  9764.800     0.99267
  9765.000     0.99790
  9765.200     0.99797
  9765.400     0.98128
  9765.600     0.95177
  9765.800     0.97236
  9766.000     0.98708
  9766.200     0.98075
  9766.400     0.98938
  9766.600     0.99304
  9766.800     0.99734
  9767.000     0.99963
  9767.200     0.99947
  9767.400     0.99882
  9767.600     0.99837
  9767.800     0.99822
  9768.000     0.98876
  9768.200     0.94692
  9768.400     0.91367
  9768.600     0.96775
  9768.800     0.99780
  9769.000     0.99970
  9769.200     0.99823
  9769.400     0.99412
  9769.600     0.98786
  9769.800     0.98144
  9770.000     0.96440
  9770.200     0.91527
  9770.400     0.91281
  9770.600     0.96539
  9770.800     0.98267
  9771.000     0.97076
  9771.200     0.98573
  9771.400     0.99741
  9771.600     0.99820
  9771.800     0.98693
  9772.000     0.96951
  9772.200     0.98204
  9772.400     0.99282
  9772.600     0.99177
  9772.800     0.99205
  9773.000     0.99679
  9773.200     0.99375
  9773.400     0.98625
  9773.600     0.99442
  9773.800     0.99937
  9774.000     0.99958
  9774.200     0.99965
  9774.400     0.99709
  9774.600     0.99287
  9774.800     0.99705
  9775.000     0.99967
  9775.200     0.99866
  9775.400     0.99682
  9775.600     0.99869
  9775.800     0.99985
  9776.000     0.99977
  9776.200     0.99794
  9776.400     0.99517
  9776.600     0.99740
  9776.800     0.99891
  9777.000     0.99893
  9777.200     0.99927
  9777.400     0.99621
  9777.600     0.99003
  9777.800     0.99332
  9778.000     0.99593
  9778.200     0.99326
  9778.400     0.99465
  9778.600     0.99822
  9778.800     0.99767
  9779.000     0.99488
  9779.200     0.99684
  9779.400     0.99762
  9779.600     0.98237
  9779.800     0.95996
  9780.000     0.98194
  9780.200     0.99113
  9780.400     0.98809
  9780.600     0.98989
  9780.800     0.98527
  9781.000     0.97410
  9781.200     0.97213
  9781.400     0.96705
  9781.600     0.98697
  9781.800     0.99870
  9782.000     0.99974
  9782.200     0.99952
  9782.400     0.99980
  9782.600     0.99996
  9782.800     0.99828
  9783.000     0.97287
  9783.200     0.89329
  9783.400     0.79838
  9783.600     0.77332
  9783.800     0.86633
  9784.000     0.85382
  9784.200     0.94149
  9784.400     0.98805
  9784.600     0.98173
  9784.800     0.98932
  9785.000     0.99048
  9785.200     0.99368
  9785.400     0.99485
  9785.600     0.99362
  9785.800     0.99595
  9786.000     0.99801
  9786.200     0.99442
  9786.400     0.95375
  9786.600     0.88749
  9786.800     0.94867
  9787.000     0.99088
  9787.200     0.98767
  9787.400     0.94303
  9787.600     0.85524
  9787.800     0.88732
  9788.000     0.95891
  9788.200     0.95984
  9788.400     0.95700
  9788.600     0.95675
  9788.800     0.92475
  9789.000     0.96191
  9789.200     0.99405
  9789.400     0.99842
  9789.600     0.99076
  9789.800     0.97926
  9790.000     0.98175
  9790.200     0.98016
  9790.400     0.98999
  9790.600     0.99345
  9790.800     0.99656
  9791.000     0.99919
  9791.200     0.99966
  9791.400     0.99733
  9791.600     0.99188
  9791.800     0.99128
  9792.000     0.99414
  9792.200     0.99633
  9792.400     0.99203
  9792.600     0.98904
  9792.800     0.99553
  9793.000     0.99675
  9793.200     0.99451
  9793.400     0.99758
  9793.600     0.99565
  9793.800     0.98976
  9794.000     0.99573
  9794.200     0.99769
  9794.400     0.98501
  9794.600     0.96883
  9794.800     0.98711
  9795.000     0.99874
  9795.200     0.99856
  9795.400     0.99379
  9795.600     0.98950
  9795.800     0.99474
  9796.000     0.99695
  9796.200     0.99840
  9796.400     0.99263
  9796.600     0.94490
  9796.800     0.88185
  9797.000     0.94724
  9797.200     0.99263
  9797.400     0.99737
  9797.600     0.99606
  9797.800     0.99422
  9798.000     0.98820
  9798.200     0.97569
  9798.400     0.98354
  9798.600     0.98663
  9798.800     0.99481
  9799.000     0.99786
  9799.200     0.99622
  9799.400     0.99830
  9799.600     0.99942
  9799.800     0.99658
  9800.000     0.95067
  9800.200     0.82979
  9800.400     0.80524
  9800.600     0.88513
  9800.800     0.86911
  9801.000     0.94251
  9801.200     0.98156
  9801.400     0.99171
  9801.600     0.99843
  9801.800     0.99977
  9802.000     0.99847
  9802.200     0.98165
  9802.400     0.95609
  9802.600     0.98135
  9802.800     0.99766
  9803.000     0.99895
  9803.200     0.99845
  9803.400     0.99883
  9803.600     0.99756
  9803.800     0.98587
  9804.000     0.96711
  9804.200     0.98639
  9804.400     0.99896
  9804.600     0.99987
  9804.800     0.99972
  9805.000     0.99975
  9805.200     0.99928
  9805.400     0.99865
  9805.600     0.99803
  9805.800     0.99242
  9806.000     0.98101
  9806.200     0.97626
  9806.400     0.98422
  9806.600     0.99573
  9806.800     0.99919
  9807.000     0.99692
  9807.200     0.99210
  9807.400     0.98906
  9807.600     0.99037
  9807.800     0.99185
  9808.000     0.98197
  9808.200     0.97970
  9808.400     0.99254
  9808.600     0.99663
  9808.800     0.99254
  9809.000     0.99259
  9809.200     0.99452
  9809.400     0.99795
  9809.600     0.99766
  9809.800     0.99349
  9810.000     0.98191
  9810.200     0.96146
  9810.400     0.98216
  9810.600     0.99748
  9810.800     0.99962
  9811.000     0.99838
  9811.200     0.98274
  9811.400     0.94842
  9811.600     0.95007
  9811.800     0.98257
  9812.000     0.98910
  9812.200     0.98368
  9812.400     0.99052
  9812.600     0.99775
  9812.800     0.99970
  9813.000     0.99972
  9813.200     0.99775
  9813.400     0.99330
  9813.600     0.98806
  9813.800     0.98024
  9814.000     0.99129
  9814.200     0.99855
  9814.400     0.99949
  9814.600     0.99951
  9814.800     0.99978
  9815.000     0.99987
  9815.200     0.99946
  9815.400     0.99300
  9815.600     0.97646
  9815.800     0.97305
  9816.000     0.98873
  9816.200     0.99733
  9816.400     0.99222
  9816.600     0.98253
  9816.800     0.99191
  9817.000     0.99888
  9817.200     0.99983
  9817.400     0.99832
  9817.600     0.98536
  9817.800     0.96819
  9818.000     0.98728
  9818.200     0.99913
  9818.400     0.99999
  9818.600     1.00000
  9818.800     0.99998
  9819.000     0.99974
  9819.200     0.99908
  9819.400     0.99857
  9819.600     0.99854
  9819.800     0.99905
  9820.000     0.99521
  9820.200     0.98850
  9820.400     0.99498
  9820.600     0.99732
  9820.800     0.99387
  9821.000     0.99438
  9821.200     0.99062
  9821.400     0.94349
  9821.600     0.86666
  9821.800     0.94127
  9822.000     0.99398
  9822.200     0.99954
  9822.400     0.99805
  9822.600     0.99456
  9822.800     0.99453
  9823.000     0.99526
  9823.200     0.99840
  9823.400     0.99954
  9823.600     0.99654
  9823.800     0.99165
  9824.000     0.99251
  9824.200     0.98703
  9824.400     0.98364
  9824.600     0.99314
  9824.800     0.99604
  9825.000     0.99324
  9825.200     0.98921
  9825.400     0.97088
  9825.600     0.96477
  9825.800     0.98410
  9826.000     0.99439
  9826.200     0.99715
  9826.400     0.99552
  9826.600     0.98956
  9826.800     0.98565
  9827.000     0.97223
  9827.200     0.97798
  9827.400     0.99310
  9827.600     0.99872
  9827.800     0.99431
  9828.000     0.97156
  9828.200     0.95189
  9828.400     0.98077
  9828.600     0.99612
  9828.800     0.99833
  9829.000     0.99960
  9829.200     0.99996
  9829.400     1.00000
  9829.600     0.99999
  9829.800     0.99983
  9830.000     0.99834
  9830.200     0.99601
  9830.400     0.99775
  9830.600     0.99943
  9830.800     0.99984
  9831.000     0.99990
  9831.200     0.99992
  9831.400     0.99963
  9831.600     0.99480
  9831.800     0.98469
  9832.000     0.97353
  9832.200     0.95327
  9832.400     0.97192
  9832.600     0.98416
  9832.800     0.99158
  9833.000     0.98493
  9833.200     0.97148
  9833.400     0.98216
  9833.600     0.98905
  9833.800     0.98154
  9834.000     0.92639
  9834.200     0.85529
  9834.400     0.94207
  9834.600     0.99320
  9834.800     0.99579
  9835.000     0.99392
  9835.200     0.98796
  9835.400     0.99137
  9835.600     0.99114
  9835.800     0.99623
  9836.000     0.99941
  9836.200     0.99912
  9836.400     0.99779
  9836.600     0.99852
  9836.800     0.99966
  9837.000     0.99995
  9837.200     0.99954
  9837.400     0.99884
  9837.600     0.99894
  9837.800     0.99818
  9838.000     0.99610
  9838.200     0.99236
  9838.400     0.99556
  9838.600     0.99694
  9838.800     0.99759
  9839.000     0.98846
  9839.200     0.95660
  9839.400     0.94239
  9839.600     0.97873
  9839.800     0.99521
  9840.000     0.99649
  9840.200     0.99833
  9840.400     0.99932
  9840.600     0.99975
  9840.800     0.99954
  9841.000     0.99812
  9841.200     0.98733
  9841.400     0.96957
  9841.600     0.98466
  9841.800     0.99318
  9842.000     0.99472
  9842.200     0.99421
  9842.400     0.99674
  9842.600     0.99827
  9842.800     0.98798
  9843.000     0.96239
  9843.200     0.96031
  9843.400     0.98696
  9843.600     0.99800
  9843.800     0.99668
  9844.000     0.99218
  9844.200     0.98868
  9844.400     0.99314
  9844.600     0.99790
  9844.800     0.99792
  9845.000     0.99510
  9845.200     0.99648
  9845.400     0.99729
  9845.600     0.99423
  9845.800     0.99104
  9846.000     0.99638
  9846.200     0.99802
  9846.400     0.99635
  9846.600     0.99847
  9846.800     0.99971
  9847.000     0.99732
  9847.200     0.98252
  9847.400     0.96437
  9847.600     0.97933
  9847.800     0.98843
  9848.000     0.99568
  9848.200     0.99948
  9848.400     0.99979
  9848.600     0.99906
  9848.800     0.99090
  9849.000     0.97615
  9849.200     0.98564
  9849.400     0.99542
  9849.600     0.99217
  9849.800     0.98464
  9850.000     0.98379
  9850.200     0.98635
  9850.400     0.98123
  9850.600     0.96346
  9850.800     0.98454
  9851.000     0.99849
  9851.200     0.99968
  9851.400     0.99758
  9851.600     0.98640
  9851.800     0.97388
  9852.000     0.98437
  9852.200     0.97596
  9852.400     0.96100
  9852.600     0.98460
  9852.800     0.99845
  9853.000     0.99915
  9853.200     0.99889
  9853.400     0.99952
  9853.600     0.99981
  9853.800     0.99951
  9854.000     0.99574
  9854.200     0.98950
  9854.400     0.98363
  9854.600     0.92166
  9854.800     0.84874
  9855.000     0.94010
  9855.200     0.99199
  9855.400     0.98999
  9855.600     0.99232
  9855.800     0.99274
  9856.000     0.98697
  9856.200     0.99163
  9856.400     0.99158
  9856.600     0.97837
  9856.800     0.95501
  9857.000     0.97799
  9857.200     0.99587
  9857.400     0.99916
  9857.600     0.99927
  9857.800     0.99851
  9858.000     0.99752
  9858.200     0.99828
  9858.400     0.99781
  9858.600     0.99811
  9858.800     0.99613
  9859.000     0.98498
  9859.200     0.97550
  9859.400     0.98913
  9859.600     0.99613
  9859.800     0.99842
  9860.000     0.99951
  9860.200     0.99720
  9860.400     0.99266
  9860.600     0.99524
  9860.800     0.99854
  9861.000     0.99942
  9861.200     0.99602
  9861.400     0.95075
  9861.600     0.80558
  9861.800     0.72363
  9862.000     0.88422
  9862.200     0.98234
  9862.400     0.99729
  9862.600     0.99860
  9862.800     0.99548
  9863.000     0.98894
  9863.200     0.98467
  9863.400     0.98896
  9863.600     0.99680
  9863.800     0.99890
  9864.000     0.99681
  9864.200     0.99573
  9864.400     0.99823
  9864.600     0.99957
  9864.800     0.99825
  9865.000     0.99536
  9865.200     0.99310
  9865.400     0.98485
  9865.600     0.97967
  9865.800     0.99253
  9866.000     0.99936
  9866.200     0.99990
  9866.400     0.99964
  9866.600     0.99741
  9866.800     0.99441
  9867.000     0.99723
  9867.200     0.99954
  9867.400     0.99992
  9867.600     0.99958
  9867.800     0.99310
  9868.000     0.92933
  9868.200     0.83698
  9868.400     0.93384
  9868.600     0.99507
  9868.800     0.99975
  9869.000     0.99983
  9869.200     0.99902
  9869.400     0.99775
  9869.600     0.99840
  9869.800     0.99957
  9870.000     0.99980
  9870.200     0.99945
  9870.400     0.99904
  9870.600     0.99908
  9870.800     0.99945
  9871.000     0.99767
  9871.200     0.98142
  9871.400     0.95820
  9871.600     0.98087
  9871.800     0.99299
  9872.000     0.96700
  9872.200     0.92469
  9872.400     0.96790
  9872.600     0.99674
  9872.800     0.99685
  9873.000     0.98194
  9873.200     0.96290
  9873.400     0.98056
  9873.600     0.99035
  9873.800     0.98980
  9874.000     0.99317
  9874.200     0.99562
  9874.400     0.98829
  9874.600     0.97358
  9874.800     0.98848
  9875.000     0.99785
  9875.200     0.99751
  9875.400     0.99873
  9875.600     0.99946
  9875.800     0.99860
  9876.000     0.99706
  9876.200     0.99881
  9876.400     0.99965
  9876.600     0.99821
  9876.800     0.99636
  9877.000     0.99826
  9877.200     0.99976
  9877.400     0.99999
  9877.600     0.99993
  9877.800     0.99917
  9878.000     0.99703
  9878.200     0.99625
  9878.400     0.99864
  9878.600     0.99967
  9878.800     0.99944
  9879.000     0.99904
  9879.200     0.99906
  9879.400     0.99724
  9879.600     0.99505
  9879.800     0.99805
  9880.000     0.99981
  9880.200     0.99939
  9880.400     0.99338
  9880.600     0.97161
  9880.800     0.95595
  9881.000     0.98261
  9881.200     0.98897
  9881.400     0.94860
  9881.600     0.90915
  9881.800     0.96338
  9882.000     0.99570
  9882.200     0.99757
  9882.400     0.99274
  9882.600     0.98583
  9882.800     0.99367
  9883.000     0.99881
  9883.200     0.99897
  9883.400     0.99932
  9883.600     0.99977
  9883.800     0.99987
  9884.000     0.99953
  9884.200     0.99901
  9884.400     0.99950
  9884.600     0.99968
  9884.800     0.99981
  9885.000     0.99942
  9885.200     0.99670
  9885.400     0.99352
  9885.600     0.99567
  9885.800     0.99140
  9886.000     0.98158
  9886.200     0.98780
  9886.400     0.99380
  9886.600     0.98908
  9886.800     0.95579
  9887.000     0.89725
  9887.200     0.94920
  9887.400     0.99035
  9887.600     0.99708
  9887.800     0.99511
  9888.000     0.99455
  9888.200     0.99775
  9888.400     0.99871
  9888.600     0.99229
  9888.800     0.90574
  9889.000     0.76806
  9889.200     0.89113
  9889.400     0.98351
  9889.600     0.99617
  9889.800     0.99394
  9890.000     0.98293
  9890.200     0.96581
  9890.400     0.90316
  9890.600     0.77906
  9890.800     0.85516
  9891.000     0.95338
  9891.200     0.98326
  9891.400     0.97048
  9891.600     0.94029
  9891.800     0.92011
  9892.000     0.97066
  9892.200     0.99762
  9892.400     0.99898
  9892.600     0.99823
  9892.800     0.99910
  9893.000     0.99955
  9893.200     0.99945
  9893.400     0.99688
  9893.600     0.99198
  9893.800     0.99098
  9894.000     0.99117
  9894.200     0.99659
  9894.400     0.99905
  9894.600     0.99236
  9894.800     0.98071
  9895.000     0.98957
  9895.200     0.99627
  9895.400     0.99873
  9895.600     0.99880
  9895.800     0.99597
  9896.000     0.97939
  9896.200     0.95194
  9896.400     0.97697
  9896.600     0.99692
  9896.800     0.99979
  9897.000     0.99995
  9897.200     0.99984
  9897.400     0.99803
  9897.600     0.98398
  9897.800     0.93424
  9898.000     0.89220
  9898.200     0.95244
  9898.400     0.98901
  9898.600     0.99076
  9898.800     0.96360
  9899.000     0.92854
  9899.200     0.95127
  9899.400     0.98759
  9899.600     0.99515
  9899.800     0.98958
  9900.000     0.99309
  9900.200     0.99742
  9900.400     0.99803
  9900.600     0.99445
  9900.800     0.98651
  9901.000     0.98918
  9901.200     0.99607
  9901.400     0.98959
  9901.600     0.97439
  9901.800     0.98702
  9902.000     0.99689
  9902.200     0.99341
  9902.400     0.98610
  9902.600     0.99311
  9902.800     0.99878
  9903.000     0.99974
  9903.200     0.99884
  9903.400     0.98900
  9903.600     0.97302
  9903.800     0.98432
  9904.000     0.99497
  9904.200     0.99366
  9904.400     0.99176
  9904.600     0.99557
  9904.800     0.99857
  9905.000     0.99734
  9905.200     0.98660
  9905.400     0.97378
  9905.600     0.98226
  9905.800     0.98037
  9906.000     0.99087
  9906.200     0.99828
  9906.400     0.99956
  9906.600     0.99952
  9906.800     0.99906
  9907.000     0.99958
  9907.200     0.99986
  9907.400     0.99979
  9907.600     0.99919
  9907.800     0.99833
  9908.000     0.99849
  9908.200     0.99939
  9908.400     0.99964
  9908.600     0.99976
  9908.800     0.99984
  9909.000     0.99973
  9909.200     0.99928
  9909.400     0.99513
  9909.600     0.98486
  9909.800     0.98435
  9910.000     0.99451
  9910.200     0.99767
  9910.400     0.99481
  9910.600     0.98902
  9910.800     0.98326
  9911.000     0.99278
  9911.200     0.99818
  9911.400     0.99781
  9911.600     0.99837
  9911.800     0.99336
  9912.000     0.98171
  9912.200     0.98337
  9912.400     0.99420
  9912.600     0.99517
  9912.800     0.96925
  9913.000     0.89232
  9913.200     0.84601
  9913.400     0.93751
  9913.600     0.99257
  9913.800     0.99824
  9914.000     0.99597
  9914.200     0.99363
  9914.400     0.98585
  9914.600     0.97615
  9914.800     0.98902
  9915.000     0.98885
  9915.200     0.97492
  9915.400     0.97643
  9915.600     0.97258
  9915.800     0.98212
  9916.000     0.99305
  9916.200     0.99797
  9916.400     0.99759
  9916.600     0.99539
  9916.800     0.99778
  9917.000     0.99890
  9917.200     0.99915
  9917.400     0.99748
  9917.600     0.99542
  9917.800     0.99792
  9918.000     0.99806
  9918.200     0.99622
  9918.400     0.99837
  9918.600     0.99981
  9918.800     0.99992
  9919.000     0.99992
  9919.200     0.99995
  9919.400     0.99992
  9919.600     1.00000
  9919.800     1.00000
  9920.000     1.00000
