the number of points per synthesis =    901
start =  10100.000     stop =  10280.000     step =      0.200
 10100.000     1.00000
 10100.200     1.00000
 10100.400     1.00000
 10100.600     0.99982
 10100.800     0.99998
 10101.000     0.99995
 10101.200     0.99939
 10101.400     0.99555
 10101.600     0.99066
 10101.800     0.99557
 10102.000     0.99917
 10102.200     0.99963
 10102.400     0.99988
 10102.600     0.99997
 10102.800     0.99969
 10103.000     0.99830
 10103.200     0.98812
 10103.400     0.97339
 10103.600     0.98732
 10103.800     0.99467
 10104.000     0.98449
 10104.200     0.97457
 10104.400     0.98816
 10104.600     0.99742
 10104.800     0.99784
 10105.000     0.99360
 10105.200     0.98320
 10105.400     0.96284
 10105.600     0.95420
 10105.800     0.98048
 10106.000     0.99539
 10106.200     0.99880
 10106.400     0.99981
 10106.600     0.99995
 10106.800     1.00000
 10107.000     0.99999
 10107.200     0.99984
 10107.400     0.99955
 10107.600     0.99896
 10107.800     0.99799
 10108.000     0.99887
 10108.200     0.99810
 10108.400     0.99565
 10108.600     0.99496
 10108.800     0.98995
 10109.000     0.98877
 10109.200     0.98847
 10109.400     0.98533
 10109.600     0.99415
 10109.800     0.99940
 10110.000     0.99966
 10110.200     0.99957
 10110.400     0.99922
 10110.600     0.99941
 10110.800     0.99965
 10111.000     0.99976
 10111.200     0.99941
 10111.400     0.99677
 10111.600     0.98931
 10111.800     0.98483
 10112.000     0.99247
 10112.200     0.99330
 10112.400     0.98255
 10112.600     0.98077
 10112.800     0.99064
 10113.000     0.98897
 10113.200     0.97807
 10113.400     0.98931
 10113.600     0.99210
 10113.800     0.94532
 10114.000     0.87921
 10114.200     0.93561
 10114.400     0.98162
 10114.600     0.97968
 10114.800     0.98604
 10115.000     0.99541
 10115.200     0.99873
 10115.400     0.99949
 10115.600     0.99960
 10115.800     0.99880
 10116.000     0.99094
 10116.200     0.97952
 10116.400     0.99106
 10116.600     0.99906
 10116.800     0.99912
 10117.000     0.99858
 10117.200     0.99942
 10117.400     0.99977
 10117.600     0.99861
 10117.800     0.99697
 10118.000     0.99747
 10118.200     0.99526
 10118.400     0.99159
 10118.600     0.99382
 10118.800     0.99729
 10119.000     0.99840
 10119.200     0.99754
 10119.400     0.99643
 10119.600     0.99421
 10119.800     0.99747
 10120.000     0.99881
 10120.200     0.98937
 10120.400     0.97492
 10120.600     0.98653
 10120.800     0.99477
 10121.000     0.99404
 10121.200     0.99208
 10121.400     0.99563
 10121.600     0.99816
 10121.800     0.99797
 10122.000     0.99909
 10122.200     0.99976
 10122.400     0.99975
 10122.600     0.99959
 10122.800     0.99932
 10123.000     0.99887
 10123.200     0.99770
 10123.400     0.98453
 10123.600     0.90170
 10123.800     0.76149
 10124.000     0.79003
 10124.200     0.93273
 10124.400     0.99275
 10124.600     0.99631
 10124.800     0.98679
 10125.000     0.97886
 10125.200     0.99086
 10125.400     0.99877
 10125.600     0.99956
 10125.800     0.99920
 10126.000     0.99781
 10126.200     0.99360
 10126.400     0.99171
 10126.600     0.99647
 10126.800     0.99945
 10127.000     0.99976
 10127.200     0.99945
 10127.400     0.99892
 10127.600     0.99844
 10127.800     0.99085
 10128.000     0.97513
 10128.200     0.97029
 10128.400     0.97666
 10128.600     0.99230
 10128.800     0.99887
 10129.000     0.99848
 10129.200     0.99749
 10129.400     0.99865
 10129.600     0.99972
 10129.800     0.99993
 10130.000     0.99998
 10130.200     1.00000
 10130.400     1.00000
 10130.600     0.99998
 10130.800     0.99966
 10131.000     0.99811
 10131.200     0.99185
 10131.400     0.98447
 10131.600     0.98619
 10131.800     0.98231
 10132.000     0.99250
 10132.200     0.99894
 10132.400     0.99595
 10132.600     0.99059
 10132.800     0.99511
 10133.000     0.99883
 10133.200     0.99938
 10133.400     0.99919
 10133.600     0.99964
 10133.800     0.99844
 10134.000     0.98150
 10134.200     0.95735
 10134.400     0.98126
 10134.600     0.99750
 10134.800     0.99190
 10135.000     0.97754
 10135.200     0.97947
 10135.400     0.99268
 10135.600     0.99045
 10135.800     0.97842
 10136.000     0.98822
 10136.200     0.99710
 10136.400     0.99226
 10136.600     0.98290
 10136.800     0.98608
 10137.000     0.97956
 10137.200     0.98030
 10137.400     0.99331
 10137.600     0.99916
 10137.800     0.99911
 10138.000     0.99763
 10138.200     0.99618
 10138.400     0.99827
 10138.600     0.99944
 10138.800     0.99936
 10139.000     0.99927
 10139.200     0.99920
 10139.400     0.99968
 10139.600     0.99971
 10139.800     0.99938
 10140.000     0.99968
 10140.200     0.99961
 10140.400     0.99923
 10140.600     0.99960
 10140.800     0.99963
 10141.000     0.99790
 10141.200     0.99444
 10141.400     0.99429
 10141.600     0.99750
 10141.800     0.99939
 10142.000     0.99975
 10142.200     0.99893
 10142.400     0.98838
 10142.600     0.95015
 10142.800     0.91868
 10143.000     0.95442
 10143.200     0.98556
 10143.400     0.98716
 10143.600     0.99235
 10143.800     0.99444
 10144.000     0.99289
 10144.200     0.99711
 10144.400     0.99960
 10144.600     0.99979
 10144.800     0.99953
 10145.000     0.99423
 10145.200     0.94769
 10145.400     0.79997
 10145.600     0.70648
 10145.800     0.88274
 10146.000     0.98752
 10146.200     0.99859
 10146.400     0.99945
 10146.600     0.99912
 10146.800     0.99771
 10147.000     0.99608
 10147.200     0.99597
 10147.400     0.99647
 10147.600     0.99272
 10147.800     0.98817
 10148.000     0.99511
 10148.200     0.99955
 10148.400     0.99991
 10148.600     0.99956
 10148.800     0.99559
 10149.000     0.98909
 10149.200     0.99326
 10149.400     0.99767
 10149.600     0.98904
 10149.800     0.97495
 10150.000     0.98875
 10150.200     0.99866
 10150.400     0.99984
 10150.600     0.99996
 10150.800     0.99989
 10151.000     0.99958
 10151.200     0.99701
 10151.400     0.99336
 10151.600     0.99672
 10151.800     0.99911
 10152.000     0.99767
 10152.200     0.99500
 10152.400     0.99754
 10152.600     0.99884
 10152.800     0.99735
 10153.000     0.98804
 10153.200     0.96798
 10153.400     0.96181
 10153.600     0.97136
 10153.800     0.97934
 10154.000     0.99047
 10154.200     0.99782
 10154.400     0.99939
 10154.600     0.99926
 10154.800     0.99384
 10155.000     0.94963
 10155.200     0.89093
 10155.400     0.95311
 10155.600     0.99483
 10155.800     0.99217
 10156.000     0.97292
 10156.200     0.94600
 10156.400     0.92904
 10156.600     0.93125
 10156.800     0.97571
 10157.000     0.99805
 10157.200     0.99992
 10157.400     0.99998
 10157.600     1.00000
 10157.800     1.00000
 10158.000     1.00000
 10158.200     0.99997
 10158.400     0.99986
 10158.600     0.99973
 10158.800     0.99959
 10159.000     0.99935
 10159.200     0.99973
 10159.400     0.99998
 10159.600     1.00000
 10159.800     1.00000
 10160.000     1.00000
 10160.200     0.99992
 10160.400     0.99922
 10160.600     0.99810
 10160.800     0.99874
 10161.000     0.99965
 10161.200     0.99974
 10161.400     0.99895
 10161.600     0.99652
 10161.800     0.98919
 10162.000     0.98194
 10162.200     0.98948
 10162.400     0.99748
 10162.600     0.99964
 10162.800     0.99994
 10163.000     0.99987
 10163.200     0.99915
 10163.400     0.99280
 10163.600     0.98368
 10163.800     0.99277
 10164.000     0.99767
 10164.200     0.99582
 10164.400     0.99758
 10164.600     0.99736
 10164.800     0.99038
 10165.000     0.98453
 10165.200     0.99341
 10165.400     0.99648
 10165.600     0.99382
 10165.800     0.99739
 10166.000     0.99979
 10166.200     0.99998
 10166.400     0.99982
 10166.600     0.99939
 10166.800     0.99914
 10167.000     0.99625
 10167.200     0.96108
 10167.400     0.90467
 10167.600     0.94296
 10167.800     0.98830
 10168.000     0.99786
 10168.200     0.99708
 10168.400     0.99872
 10168.600     0.99980
 10168.800     0.99995
 10169.000     0.99999
 10169.200     0.99994
 10169.400     0.99969
 10169.600     0.99837
 10169.800     0.99512
 10170.000     0.99399
 10170.200     0.99730
 10170.400     0.99851
 10170.600     0.99905
 10170.800     0.99828
 10171.000     0.99618
 10171.200     0.99548
 10171.400     0.99169
 10171.600     0.99254
 10171.800     0.99372
 10172.000     0.99223
 10172.200     0.99591
 10172.400     0.99069
 10172.600     0.97960
 10172.800     0.98984
 10173.000     0.99221
 10173.200     0.97588
 10173.400     0.95286
 10173.600     0.95272
 10173.800     0.98318
 10174.000     0.99719
 10174.200     0.99929
 10174.400     0.99976
 10174.600     0.99952
 10174.800     0.99965
 10175.000     0.99967
 10175.200     0.99812
 10175.400     0.99484
 10175.600     0.99360
 10175.800     0.99497
 10176.000     0.99723
 10176.200     0.99926
 10176.400     0.99994
 10176.600     0.99979
 10176.800     0.99761
 10177.000     0.99423
 10177.200     0.99669
 10177.400     0.99931
 10177.600     0.99989
 10177.800     0.99998
 10178.000     1.00000
 10178.200     0.99996
 10178.400     0.99974
 10178.600     0.99898
 10178.800     0.99510
 10179.000     0.98985
 10179.200     0.99326
 10179.400     0.99188
 10179.600     0.98209
 10179.800     0.97186
 10180.000     0.98756
 10180.200     0.99847
 10180.400     0.99982
 10180.600     0.99961
 10180.800     0.99921
 10181.000     0.99954
 10181.200     0.99963
 10181.400     0.99937
 10181.600     0.99933
 10181.800     0.99898
 10182.000     0.99951
 10182.200     0.99970
 10182.400     0.99902
 10182.600     0.99562
 10182.800     0.99041
 10183.000     0.99361
 10183.200     0.99597
 10183.400     0.99534
 10183.600     0.99426
 10183.800     0.99749
 10184.000     0.99950
 10184.200     0.99871
 10184.400     0.99278
 10184.600     0.98569
 10184.800     0.99201
 10185.000     0.99834
 10185.200     0.99976
 10185.400     0.99993
 10185.600     0.99973
 10185.800     0.99938
 10186.000     0.99957
 10186.200     0.99786
 10186.400     0.99375
 10186.600     0.99415
 10186.800     0.99808
 10187.000     0.99979
 10187.200     0.99987
 10187.400     0.99960
 10187.600     0.99723
 10187.800     0.99238
 10188.000     0.99325
 10188.200     0.99731
 10188.400     0.99464
 10188.600     0.98788
 10188.800     0.98574
 10189.000     0.97835
 10189.200     0.98810
 10189.400     0.99772
 10189.600     0.99932
 10189.800     0.99876
 10190.000     0.99869
 10190.200     0.99868
 10190.400     0.99942
 10190.600     0.99932
 10190.800     0.99800
 10191.000     0.99770
 10191.200     0.99891
 10191.400     0.99971
 10191.600     0.99994
 10191.800     0.99996
 10192.000     0.99981
 10192.200     0.99963
 10192.400     0.99932
 10192.600     0.99792
 10192.800     0.98860
 10193.000     0.90480
 10193.200     0.78865
 10193.400     0.90377
 10193.600     0.98940
 10193.800     0.99917
 10194.000     0.99980
 10194.200     0.99997
 10194.400     0.99998
 10194.600     0.99868
 10194.800     0.98256
 10195.000     0.94240
 10195.200     0.93104
 10195.400     0.96556
 10195.600     0.99070
 10195.800     0.99800
 10196.000     0.99933
 10196.200     0.99563
 10196.400     0.98989
 10196.600     0.99484
 10196.800     0.99525
 10197.000     0.99102
 10197.200     0.99599
 10197.400     0.99912
 10197.600     0.99882
 10197.800     0.99810
 10198.000     0.99821
 10198.200     0.99044
 10198.400     0.97615
 10198.600     0.98409
 10198.800     0.99600
 10199.000     0.99931
 10199.200     0.99951
 10199.400     0.99981
 10199.600     0.99996
 10199.800     0.99988
 10200.000     0.99982
 10200.200     0.99993
 10200.400     0.99989
 10200.600     0.99914
 10200.800     0.99820
 10201.000     0.99923
 10201.200     0.99988
 10201.400     0.99948
 10201.600     0.99889
 10201.800     0.99953
 10202.000     0.99994
 10202.200     0.99979
 10202.400     0.99824
 10202.600     0.99590
 10202.800     0.99657
 10203.000     0.99189
 10203.200     0.98627
 10203.400     0.99340
 10203.600     0.99172
 10203.800     0.98319
 10204.000     0.99112
 10204.200     0.99566
 10204.400     0.99605
 10204.600     0.99064
 10204.800     0.98603
 10205.000     0.99154
 10205.200     0.99786
 10205.400     0.99947
 10205.600     0.99854
 10205.800     0.99531
 10206.000     0.99301
 10206.200     0.99124
 10206.400     0.98738
 10206.600     0.99454
 10206.800     0.99908
 10207.000     0.99966
 10207.200     0.99885
 10207.400     0.99650
 10207.600     0.99615
 10207.800     0.99867
 10208.000     0.99985
 10208.200     0.99983
 10208.400     0.99960
 10208.600     0.99930
 10208.800     0.99944
 10209.000     0.99953
 10209.200     0.99978
 10209.400     0.99994
 10209.600     0.99987
 10209.800     0.99909
 10210.000     0.99315
 10210.200     0.98493
 10210.400     0.99129
 10210.600     0.99493
 10210.800     0.99462
 10211.000     0.99671
 10211.200     0.99878
 10211.400     0.99967
 10211.600     0.99986
 10211.800     0.99959
 10212.000     0.99893
 10212.200     0.99877
 10212.400     0.99902
 10212.600     0.99926
 10212.800     0.99971
 10213.000     0.99992
 10213.200     0.99970
 10213.400     0.99918
 10213.600     0.99903
 10213.800     0.99930
 10214.000     0.99880
 10214.200     0.99270
 10214.400     0.98391
 10214.600     0.99107
 10214.800     0.99612
 10215.000     0.99796
 10215.200     0.99921
 10215.400     0.99850
 10215.600     0.99696
 10215.800     0.99055
 10216.000     0.90065
 10216.200     0.68944
 10216.400     0.67210
 10216.600     0.88818
 10216.800     0.99011
 10217.000     0.99728
 10217.200     0.99551
 10217.400     0.99795
 10217.600     0.99879
 10217.800     0.99698
 10218.000     0.98886
 10218.200     0.90650
 10218.400     0.78996
 10218.600     0.90705
 10218.800     0.98763
 10219.000     0.99080
 10219.200     0.99568
 10219.400     0.99883
 10219.600     0.99668
 10219.800     0.99261
 10220.000     0.99608
 10220.200     0.99929
 10220.400     0.99917
 10220.600     0.99131
 10220.800     0.98001
 10221.000     0.99119
 10221.200     0.99921
 10221.400     0.99998
 10221.600     0.99999
 10221.800     0.99991
 10222.000     0.99979
 10222.200     0.99989
 10222.400     0.99967
 10222.600     0.99905
 10222.800     0.99728
 10223.000     0.99427
 10223.200     0.99510
 10223.400     0.99404
 10223.600     0.99598
 10223.800     0.99894
 10224.000     0.99982
 10224.200     0.99993
 10224.400     0.99994
 10224.600     0.99988
 10224.800     0.99951
 10225.000     0.99703
 10225.200     0.99342
 10225.400     0.99646
 10225.600     0.99757
 10225.800     0.99440
 10226.000     0.99068
 10226.200     0.98789
 10226.400     0.98987
 10226.600     0.98923
 10226.800     0.99492
 10227.000     0.99691
 10227.200     0.99668
 10227.400     0.99827
 10227.600     0.99602
 10227.800     0.95872
 10228.000     0.90585
 10228.200     0.95867
 10228.400     0.99585
 10228.600     0.99926
 10228.800     0.99944
 10229.000     0.99797
 10229.200     0.99569
 10229.400     0.99781
 10229.600     0.99922
 10229.800     0.99947
 10230.000     0.99959
 10230.200     0.99809
 10230.400     0.98356
 10230.600     0.93088
 10230.800     0.89220
 10231.000     0.95690
 10231.200     0.99424
 10231.400     0.99509
 10231.600     0.99791
 10231.800     0.99978
 10232.000     0.99984
 10232.200     0.99968
 10232.400     0.99896
 10232.600     0.99240
 10232.800     0.98194
 10233.000     0.98603
 10233.200     0.98384
 10233.400     0.98423
 10233.600     0.99332
 10233.800     0.99762
 10234.000     0.99554
 10234.200     0.98990
 10234.400     0.99225
 10234.600     0.99229
 10234.800     0.98595
 10235.000     0.99274
 10235.200     0.99817
 10235.400     0.99754
 10235.600     0.99708
 10235.800     0.99886
 10236.000     0.99982
 10236.200     0.99948
 10236.400     0.99788
 10236.600     0.99667
 10236.800     0.99862
 10237.000     0.99981
 10237.200     0.99966
 10237.400     0.99788
 10237.600     0.99587
 10237.800     0.99821
 10238.000     0.99977
 10238.200     0.99990
 10238.400     0.99929
 10238.600     0.99268
 10238.800     0.98355
 10239.000     0.99283
 10239.200     0.99930
 10239.400     0.99994
 10239.600     0.99999
 10239.800     0.99997
 10240.000     0.99986
 10240.200     0.99977
 10240.400     0.99988
 10240.600     0.99985
 10240.800     0.99964
 10241.000     0.99809
 10241.200     0.98589
 10241.400     0.97034
 10241.600     0.98730
 10241.800     0.99889
 10242.000     0.99987
 10242.200     0.99991
 10242.400     0.99989
 10242.600     0.99996
 10242.800     1.00000
 10243.000     0.99997
 10243.200     0.99958
 10243.400     0.99880
 10243.600     0.99871
 10243.800     0.99893
 10244.000     0.99951
 10244.200     0.99988
 10244.400     0.99994
 10244.600     0.99987
 10244.800     0.99737
 10245.000     0.97183
 10245.200     0.93488
 10245.400     0.95875
 10245.600     0.96778
 10245.800     0.98511
 10246.000     0.99732
 10246.200     0.99955
 10246.400     0.99987
 10246.600     0.99995
 10246.800     0.99998
 10247.000     0.99983
 10247.200     0.99952
 10247.400     0.99945
 10247.600     0.99954
 10247.800     0.99980
 10248.000     0.99994
 10248.200     0.99985
 10248.400     0.99963
 10248.600     0.99823
 10248.800     0.99446
 10249.000     0.99165
 10249.200     0.99215
 10249.400     0.99690
 10249.600     0.99749
 10249.800     0.99521
 10250.000     0.99786
 10250.200     0.99974
 10250.400     0.99997
 10250.600     0.99983
 10250.800     0.99788
 10251.000     0.99449
 10251.200     0.99619
 10251.400     0.99903
 10251.600     0.99956
 10251.800     0.99913
 10252.000     0.99919
 10252.200     0.99674
 10252.400     0.98031
 10252.600     0.96174
 10252.800     0.98389
 10253.000     0.99859
 10253.200     0.99921
 10253.400     0.99792
 10253.600     0.99836
 10253.800     0.99903
 10254.000     0.99592
 10254.200     0.98443
 10254.400     0.97459
 10254.600     0.97901
 10254.800     0.97531
 10255.000     0.98970
 10255.200     0.99889
 10255.400     0.99978
 10255.600     0.99976
 10255.800     0.99986
 10256.000     0.99989
 10256.200     0.99909
 10256.400     0.99641
 10256.600     0.99474
 10256.800     0.99771
 10257.000     0.99917
 10257.200     0.99930
 10257.400     0.99905
 10257.600     0.99942
 10257.800     0.99836
 10258.000     0.98887
 10258.200     0.97658
 10258.400     0.98645
 10258.600     0.99171
 10258.800     0.99611
 10259.000     0.99733
 10259.200     0.99733
 10259.400     0.99893
 10259.600     0.99961
 10259.800     0.99967
 10260.000     0.99924
 10260.200     0.99552
 10260.400     0.98953
 10260.600     0.99352
 10260.800     0.99482
 10261.000     0.99197
 10261.200     0.99496
 10261.400     0.99872
 10261.600     0.99972
 10261.800     0.99963
 10262.000     0.99849
 10262.200     0.99216
 10262.400     0.98296
 10262.600     0.99045
 10262.800     0.99779
 10263.000     0.99780
 10263.200     0.99613
 10263.400     0.99828
 10263.600     0.99954
 10263.800     0.99930
 10264.000     0.99941
 10264.200     0.99982
 10264.400     0.99991
 10264.600     0.99969
 10264.800     0.99720
 10265.000     0.97071
 10265.200     0.93298
 10265.400     0.97059
 10265.600     0.99676
 10265.800     0.99259
 10266.000     0.98291
 10266.200     0.98954
 10266.400     0.99121
 10266.600     0.99332
 10266.800     0.99765
 10267.000     0.99919
 10267.200     0.99945
 10267.400     0.99950
 10267.600     0.99975
 10267.800     0.99981
 10268.000     0.99988
 10268.200     0.99992
 10268.400     0.99969
 10268.600     0.99819
 10268.800     0.99221
 10269.000     0.98700
 10269.200     0.99472
 10269.400     0.99955
 10269.600     0.99977
 10269.800     0.99730
 10270.000     0.98604
 10270.200     0.97539
 10270.400     0.98977
 10270.600     0.99894
 10270.800     0.99965
 10271.000     0.99954
 10271.200     0.99917
 10271.400     0.99885
 10271.600     0.99609
 10271.800     0.99302
 10272.000     0.99702
 10272.200     0.99967
 10272.400     0.99992
 10272.600     0.99954
 10272.800     0.99809
 10273.000     0.99691
 10273.200     0.99745
 10273.400     0.98841
 10273.600     0.97044
 10273.800     0.97506
 10274.000     0.98992
 10274.200     0.99523
 10274.400     0.99818
 10274.600     0.99889
 10274.800     0.99402
 10275.000     0.98814
 10275.200     0.99431
 10275.400     0.99899
 10275.600     0.99971
 10275.800     0.99941
 10276.000     0.99574
 10276.200     0.99035
 10276.400     0.99531
 10276.600     0.99580
 10276.800     0.99103
 10277.000     0.99523
 10277.200     0.99918
 10277.400     0.99993
 10277.600     0.99984
 10277.800     0.99801
 10278.000     0.99538
 10278.200     0.99794
 10278.400     0.99976
 10278.600     0.99997
 10278.800     0.99972
 10279.000     0.99650
 10279.200     0.99134
 10279.400     0.99480
 10279.600     1.00000
 10279.800     1.00000
 10280.000     1.00000
