the number of points per synthesis =   1051
start =  10680.000     stop =  10890.000     step =      0.200
 10680.000     1.00000
 10680.200     1.00000
 10680.400     1.00000
 10680.600     0.99949
 10680.800     0.99899
 10681.000     0.99550
 10681.200     0.96904
 10681.400     0.93636
 10681.600     0.96773
 10681.800     0.99189
 10682.000     0.99135
 10682.200     0.98414
 10682.400     0.96905
 10682.600     0.93401
 10682.800     0.79664
 10683.000     0.62441
 10683.200     0.64812
 10683.400     0.84324
 10683.600     0.96361
 10683.800     0.99126
 10684.000     0.99548
 10684.200     0.99649
 10684.400     0.99650
 10684.600     0.99499
 10684.800     0.98015
 10685.000     0.88407
 10685.200     0.69524
 10685.400     0.65357
 10685.600     0.80999
 10685.800     0.94943
 10686.000     0.99255
 10686.200     0.99782
 10686.400     0.99846
 10686.600     0.99832
 10686.800     0.99742
 10687.000     0.99617
 10687.200     0.99588
 10687.400     0.99580
 10687.600     0.98690
 10687.800     0.97746
 10688.000     0.98949
 10688.200     0.99807
 10688.400     0.99848
 10688.600     0.99854
 10688.800     0.99803
 10689.000     0.99558
 10689.200     0.97777
 10689.400     0.88066
 10689.600     0.70602
 10689.800     0.69916
 10690.000     0.88400
 10690.200     0.98099
 10690.400     0.99011
 10690.600     0.97809
 10690.800     0.90351
 10691.000     0.72150
 10691.200     0.57769
 10691.400     0.64365
 10691.600     0.85094
 10691.800     0.96356
 10692.000     0.98732
 10692.200     0.99279
 10692.400     0.99508
 10692.600     0.99498
 10692.800     0.99434
 10693.000     0.99575
 10693.200     0.99634
 10693.400     0.99705
 10693.600     0.99628
 10693.800     0.97958
 10694.000     0.86844
 10694.200     0.68651
 10694.400     0.72921
 10694.600     0.90918
 10694.800     0.98760
 10695.000     0.99090
 10695.200     0.98288
 10695.400     0.98745
 10695.600     0.99385
 10695.800     0.99591
 10696.000     0.99832
 10696.200     0.99964
 10696.400     0.99982
 10696.600     0.99990
 10696.800     0.99995
 10697.000     0.99993
 10697.200     0.99993
 10697.400     0.99997
 10697.600     1.00000
 10697.800     1.00000
 10698.000     0.99998
 10698.200     0.99995
 10698.400     0.99998
 10698.600     1.00000
 10698.800     0.99997
 10699.000     0.99951
 10699.200     0.99689
 10699.400     0.99402
 10699.600     0.99679
 10699.800     0.99901
 10700.000     0.99946
 10700.200     0.99853
 10700.400     0.99094
 10700.600     0.98188
 10700.800     0.99104
 10701.000     0.99882
 10701.200     0.99994
 10701.400     0.99979
 10701.600     0.99819
 10701.800     0.99623
 10702.000     0.99802
 10702.200     0.99885
 10702.400     0.99821
 10702.600     0.99805
 10702.800     0.99111
 10703.000     0.98114
 10703.200     0.98577
 10703.400     0.98255
 10703.600     0.97899
 10703.800     0.98863
 10704.000     0.98712
 10704.200     0.98198
 10704.400     0.99222
 10704.600     0.99917
 10704.800     0.99990
 10705.000     0.99980
 10705.200     0.99975
 10705.400     0.99960
 10705.600     0.99862
 10705.800     0.99706
 10706.000     0.99742
 10706.200     0.99854
 10706.400     0.99853
 10706.600     0.99657
 10706.800     0.97957
 10707.000     0.88074
 10707.200     0.69903
 10707.400     0.67909
 10707.600     0.84607
 10707.800     0.96339
 10708.000     0.99074
 10708.200     0.99639
 10708.400     0.99874
 10708.600     0.99931
 10708.800     0.99951
 10709.000     0.99939
 10709.200     0.99920
 10709.400     0.99928
 10709.600     0.99732
 10709.800     0.98747
 10710.000     0.97792
 10710.200     0.98955
 10710.400     0.99834
 10710.600     0.99740
 10710.800     0.99468
 10711.000     0.99627
 10711.200     0.99734
 10711.400     0.99865
 10711.600     0.99953
 10711.800     0.99982
 10712.000     0.99977
 10712.200     0.99831
 10712.400     0.99651
 10712.600     0.99836
 10712.800     0.99974
 10713.000     0.99916
 10713.200     0.99760
 10713.400     0.99663
 10713.600     0.99652
 10713.800     0.99687
 10714.000     0.99457
 10714.200     0.99188
 10714.400     0.99164
 10714.600     0.99667
 10714.800     0.99960
 10715.000     0.99986
 10715.200     0.99966
 10715.400     0.99906
 10715.600     0.99881
 10715.800     0.99910
 10716.000     0.99913
 10716.200     0.99946
 10716.400     0.99944
 10716.600     0.99719
 10716.800     0.99416
 10717.000     0.99650
 10717.200     0.99881
 10717.400     0.99114
 10717.600     0.92368
 10717.800     0.83861
 10718.000     0.91575
 10718.200     0.98248
 10718.400     0.99512
 10718.600     0.99072
 10718.800     0.98132
 10719.000     0.98658
 10719.200     0.99027
 10719.400     0.99536
 10719.600     0.99899
 10719.800     0.99976
 10720.000     0.99989
 10720.200     0.99988
 10720.400     0.99988
 10720.600     0.99995
 10720.800     0.99996
 10721.000     0.99965
 10721.200     0.99834
 10721.400     0.99056
 10721.600     0.98018
 10721.800     0.98930
 10722.000     0.99772
 10722.200     0.99858
 10722.400     0.99777
 10722.600     0.99624
 10722.800     0.99766
 10723.000     0.99832
 10723.200     0.99753
 10723.400     0.99879
 10723.600     0.99972
 10723.800     0.99959
 10724.000     0.99807
 10724.200     0.99622
 10724.400     0.99770
 10724.600     0.99921
 10724.800     0.99378
 10725.000     0.94808
 10725.200     0.89277
 10725.400     0.94905
 10725.600     0.99414
 10725.800     0.99925
 10726.000     0.99446
 10726.200     0.95553
 10726.400     0.90761
 10726.600     0.95349
 10726.800     0.98609
 10727.000     0.94965
 10727.200     0.80780
 10727.400     0.67611
 10727.600     0.78314
 10727.800     0.93528
 10728.000     0.98382
 10728.200     0.98783
 10728.400     0.99259
 10728.600     0.99635
 10728.800     0.99628
 10729.000     0.98162
 10729.200     0.88679
 10729.400     0.70506
 10729.600     0.67658
 10729.800     0.83789
 10730.000     0.96165
 10730.200     0.99456
 10730.400     0.99800
 10730.600     0.99800
 10730.800     0.99700
 10731.000     0.99612
 10731.200     0.99806
 10731.400     0.99933
 10731.600     0.99696
 10731.800     0.98231
 10732.000     0.96712
 10732.200     0.98480
 10732.400     0.99720
 10732.600     0.98883
 10732.800     0.97524
 10733.000     0.98556
 10733.200     0.99713
 10733.400     0.99943
 10733.600     0.99794
 10733.800     0.99510
 10734.000     0.99510
 10734.200     0.99797
 10734.400     0.99959
 10734.600     0.99972
 10734.800     0.99968
 10735.000     0.99979
 10735.200     0.99944
 10735.400     0.99818
 10735.600     0.99696
 10735.800     0.99615
 10736.000     0.99408
 10736.200     0.99481
 10736.400     0.99816
 10736.600     0.99965
 10736.800     0.99981
 10737.000     0.99982
 10737.200     0.99993
 10737.400     0.99999
 10737.600     1.00000
 10737.800     0.99998
 10738.000     0.99994
 10738.200     0.99981
 10738.400     0.99903
 10738.600     0.99770
 10738.800     0.99767
 10739.000     0.99888
 10739.200     0.99909
 10739.400     0.99763
 10739.600     0.99604
 10739.800     0.99803
 10740.000     0.99953
 10740.200     0.99937
 10740.400     0.99860
 10740.600     0.99854
 10740.800     0.99911
 10741.000     0.99960
 10741.200     0.99801
 10741.400     0.98145
 10741.600     0.93665
 10741.800     0.91710
 10742.000     0.96556
 10742.200     0.99487
 10742.400     0.99095
 10742.600     0.97969
 10742.800     0.98338
 10743.000     0.99250
 10743.200     0.99302
 10743.400     0.99409
 10743.600     0.99800
 10743.800     0.99972
 10744.000     0.99941
 10744.200     0.99717
 10744.400     0.98767
 10744.600     0.97442
 10744.800     0.97763
 10745.000     0.98576
 10745.200     0.99512
 10745.400     0.99950
 10745.600     0.99999
 10745.800     0.99995
 10746.000     0.99820
 10746.200     0.98332
 10746.400     0.96250
 10746.600     0.97375
 10746.800     0.98584
 10747.000     0.99189
 10747.200     0.99290
 10747.400     0.99513
 10747.600     0.99756
 10747.800     0.99838
 10748.000     0.99795
 10748.200     0.99677
 10748.400     0.99633
 10748.600     0.99532
 10748.800     0.98221
 10749.000     0.88347
 10749.200     0.66025
 10749.400     0.57319
 10749.600     0.74820
 10749.800     0.92819
 10750.000     0.98790
 10750.200     0.99629
 10750.400     0.99782
 10750.600     0.99852
 10750.800     0.99891
 10751.000     0.99912
 10751.200     0.99930
 10751.400     0.99944
 10751.600     0.99929
 10751.800     0.99861
 10752.000     0.99783
 10752.200     0.99773
 10752.400     0.99829
 10752.600     0.98832
 10752.800     0.90632
 10753.000     0.80682
 10753.200     0.90497
 10753.400     0.98100
 10753.600     0.96218
 10753.800     0.87919
 10754.000     0.81743
 10754.200     0.88342
 10754.400     0.96096
 10754.600     0.98541
 10754.800     0.98489
 10755.000     0.99318
 10755.200     0.99922
 10755.400     0.99996
 10755.600     0.99998
 10755.800     0.99944
 10756.000     0.99488
 10756.200     0.98909
 10756.400     0.99337
 10756.600     0.99614
 10756.800     0.99763
 10757.000     0.99839
 10757.200     0.99921
 10757.400     0.99969
 10757.600     0.99938
 10757.800     0.99857
 10758.000     0.99876
 10758.200     0.99957
 10758.400     0.99981
 10758.600     0.99915
 10758.800     0.99822
 10759.000     0.99849
 10759.200     0.99838
 10759.400     0.99870
 10759.600     0.99958
 10759.800     0.99996
 10760.000     0.99992
 10760.200     0.99937
 10760.400     0.99799
 10760.600     0.99307
 10760.800     0.98332
 10761.000     0.98187
 10761.200     0.98036
 10761.400     0.97092
 10761.600     0.98483
 10761.800     0.99641
 10762.000     0.99278
 10762.200     0.98518
 10762.400     0.99191
 10762.600     0.99827
 10762.800     0.99959
 10763.000     0.99985
 10763.200     0.99959
 10763.400     0.99915
 10763.600     0.99890
 10763.800     0.99838
 10764.000     0.99911
 10764.200     0.99983
 10764.400     0.99997
 10764.600     0.99995
 10764.800     0.99998
 10765.000     1.00000
 10765.200     1.00000
 10765.400     1.00000
 10765.600     0.99997
 10765.800     0.99989
 10766.000     0.99851
 10766.200     0.98720
 10766.400     0.97202
 10766.600     0.98400
 10766.800     0.99695
 10767.000     0.99977
 10767.200     0.99999
 10767.400     0.99997
 10767.600     0.99988
 10767.800     0.99963
 10768.000     0.99685
 10768.200     0.98055
 10768.400     0.96312
 10768.600     0.98163
 10768.800     0.99474
 10769.000     0.99661
 10769.200     0.99691
 10769.400     0.99396
 10769.600     0.99242
 10769.800     0.99046
 10770.000     0.97192
 10770.200     0.95796
 10770.400     0.98169
 10770.600     0.99790
 10770.800     0.99764
 10771.000     0.97918
 10771.200     0.95555
 10771.400     0.97742
 10771.600     0.99666
 10771.800     0.99964
 10772.000     0.99963
 10772.200     0.99916
 10772.400     0.99916
 10772.600     0.99970
 10772.800     0.99997
 10773.000     1.00000
 10773.200     0.99986
 10773.400     0.99864
 10773.600     0.99701
 10773.800     0.99821
 10774.000     0.99869
 10774.200     0.99776
 10774.400     0.99793
 10774.600     0.99168
 10774.800     0.98189
 10775.000     0.98827
 10775.200     0.99130
 10775.400     0.98394
 10775.600     0.98499
 10775.800     0.99471
 10776.000     0.99909
 10776.200     0.99921
 10776.400     0.99953
 10776.600     0.99989
 10776.800     0.99988
 10777.000     0.99934
 10777.200     0.99815
 10777.400     0.99744
 10777.600     0.99847
 10777.800     0.99948
 10778.000     0.99899
 10778.200     0.99792
 10778.400     0.99868
 10778.600     0.99911
 10778.800     0.99928
 10779.000     0.99971
 10779.200     0.99985
 10779.400     0.99903
 10779.600     0.99795
 10779.800     0.99902
 10780.000     0.99974
 10780.200     0.99781
 10780.400     0.98166
 10780.600     0.95127
 10780.800     0.95354
 10781.000     0.98319
 10781.200     0.99683
 10781.400     0.99747
 10781.600     0.99542
 10781.800     0.97286
 10782.000     0.94177
 10782.200     0.96457
 10782.400     0.99089
 10782.600     0.98852
 10782.800     0.90514
 10783.000     0.78768
 10783.200     0.87220
 10783.400     0.97337
 10783.600     0.99780
 10783.800     0.99967
 10784.000     0.99738
 10784.200     0.97170
 10784.400     0.87728
 10784.600     0.80622
 10784.800     0.91251
 10785.000     0.98671
 10785.200     0.97978
 10785.400     0.96022
 10785.600     0.98022
 10785.800     0.99527
 10786.000     0.99521
 10786.200     0.99201
 10786.400     0.96069
 10786.600     0.81474
 10786.800     0.60014
 10787.000     0.64309
 10787.200     0.87282
 10787.400     0.98166
 10787.600     0.99611
 10787.800     0.99779
 10788.000     0.99846
 10788.200     0.99896
 10788.400     0.99919
 10788.600     0.99924
 10788.800     0.99936
 10789.000     0.99945
 10789.200     0.99968
 10789.400     0.99991
 10789.600     0.99999
 10789.800     1.00000
 10790.000     0.99991
 10790.200     0.99915
 10790.400     0.99810
 10790.600     0.99885
 10790.800     0.99969
 10791.000     0.99957
 10791.200     0.99713
 10791.400     0.99278
 10791.600     0.99347
 10791.800     0.99769
 10792.000     0.99960
 10792.200     0.99969
 10792.400     0.99943
 10792.600     0.99926
 10792.800     0.99962
 10793.000     0.99982
 10793.200     0.99992
 10793.400     0.99985
 10793.600     0.99896
 10793.800     0.99795
 10794.000     0.99902
 10794.200     0.99981
 10794.400     0.99918
 10794.600     0.99290
 10794.800     0.98414
 10795.000     0.99055
 10795.200     0.99771
 10795.400     0.99636
 10795.600     0.98820
 10795.800     0.96664
 10796.000     0.92607
 10796.200     0.92368
 10796.400     0.97156
 10796.600     0.99697
 10796.800     0.99890
 10797.000     0.99232
 10797.200     0.98440
 10797.400     0.99253
 10797.600     0.99908
 10797.800     0.99977
 10798.000     0.99943
 10798.200     0.99877
 10798.400     0.99767
 10798.600     0.99673
 10798.800     0.99832
 10799.000     0.99725
 10799.200     0.98936
 10799.400     0.98399
 10799.600     0.99291
 10799.800     0.99869
 10800.000     0.99907
 10800.200     0.99921
 10800.400     0.99953
 10800.600     0.99910
 10800.800     0.99833
 10801.000     0.99588
 10801.200     0.97540
 10801.400     0.95171
 10801.600     0.97746
 10801.800     0.99757
 10802.000     0.99980
 10802.200     0.99974
 10802.400     0.99949
 10802.600     0.99879
 10802.800     0.99875
 10803.000     0.99952
 10803.200     0.99988
 10803.400     0.99990
 10803.600     0.99991
 10803.800     0.99949
 10804.000     0.99552
 10804.200     0.99015
 10804.400     0.99434
 10804.600     0.99886
 10804.800     0.99985
 10805.000     0.99997
 10805.200     0.99999
 10805.400     0.99982
 10805.600     0.99901
 10805.800     0.99816
 10806.000     0.99897
 10806.200     0.99940
 10806.400     0.99901
 10806.600     0.99929
 10806.800     0.99964
 10807.000     0.99974
 10807.200     0.99916
 10807.400     0.99690
 10807.600     0.99484
 10807.800     0.99662
 10808.000     0.99878
 10808.200     0.99964
 10808.400     0.99976
 10808.600     0.99934
 10808.800     0.99824
 10809.000     0.99672
 10809.200     0.99633
 10809.400     0.99437
 10809.600     0.99071
 10809.800     0.99297
 10810.000     0.99474
 10810.200     0.99285
 10810.400     0.98623
 10810.600     0.95607
 10810.800     0.82916
 10811.000     0.62092
 10811.200     0.60193
 10811.400     0.78703
 10811.600     0.93483
 10811.800     0.98093
 10812.000     0.99115
 10812.200     0.99482
 10812.400     0.99466
 10812.600     0.99332
 10812.800     0.99217
 10813.000     0.97876
 10813.200     0.96645
 10813.400     0.98351
 10813.600     0.99534
 10813.800     0.99857
 10814.000     0.99985
 10814.200     0.99997
 10814.400     0.99988
 10814.600     0.99981
 10814.800     0.99988
 10815.000     0.99994
 10815.200     0.99992
 10815.400     0.99988
 10815.600     0.99948
 10815.800     0.99889
 10816.000     0.99927
 10816.200     0.99963
 10816.400     0.99948
 10816.600     0.99642
 10816.800     0.98777
 10817.000     0.98313
 10817.200     0.99083
 10817.400     0.99787
 10817.600     0.99954
 10817.800     0.99325
 10818.000     0.93534
 10818.200     0.84555
 10818.400     0.88669
 10818.600     0.96464
 10818.800     0.99461
 10819.000     0.99957
 10819.200     0.99944
 10819.400     0.99744
 10819.600     0.99562
 10819.800     0.99783
 10820.000     0.99909
 10820.200     0.99713
 10820.400     0.99491
 10820.600     0.99732
 10820.800     0.99476
 10821.000     0.96262
 10821.200     0.92325
 10821.400     0.94531
 10821.600     0.95301
 10821.800     0.97513
 10822.000     0.99460
 10822.200     0.99875
 10822.400     0.99936
 10822.600     0.99911
 10822.800     0.99902
 10823.000     0.99935
 10823.200     0.99971
 10823.400     0.99979
 10823.600     0.99978
 10823.800     0.99983
 10824.000     0.99979
 10824.200     0.99920
 10824.400     0.99663
 10824.600     0.99340
 10824.800     0.98902
 10825.000     0.98100
 10825.200     0.98576
 10825.400     0.99397
 10825.600     0.99625
 10825.800     0.99552
 10826.000     0.99266
 10826.200     0.97970
 10826.400     0.95550
 10826.600     0.92451
 10826.800     0.78819
 10827.000     0.55476
 10827.200     0.56189
 10827.400     0.80048
 10827.600     0.94450
 10827.800     0.97817
 10828.000     0.98527
 10828.200     0.98541
 10828.400     0.98379
 10828.600     0.99152
 10828.800     0.99613
 10829.000     0.99182
 10829.200     0.98401
 10829.400     0.97828
 10829.600     0.96944
 10829.800     0.98078
 10830.000     0.99514
 10830.200     0.99932
 10830.400     0.99953
 10830.600     0.99886
 10830.800     0.99820
 10831.000     0.99882
 10831.200     0.99877
 10831.400     0.99582
 10831.600     0.98506
 10831.800     0.95846
 10832.000     0.93988
 10832.200     0.97086
 10832.400     0.98593
 10832.600     0.97948
 10832.800     0.98795
 10833.000     0.99221
 10833.200     0.97214
 10833.400     0.94797
 10833.600     0.97124
 10833.800     0.97284
 10834.000     0.95305
 10834.200     0.97736
 10834.400     0.99232
 10834.600     0.95722
 10834.800     0.89705
 10835.000     0.92026
 10835.200     0.97652
 10835.400     0.99760
 10835.600     0.99927
 10835.800     0.99619
 10836.000     0.99188
 10836.200     0.99423
 10836.400     0.99833
 10836.600     0.99969
 10836.800     0.99975
 10837.000     0.99954
 10837.200     0.99870
 10837.400     0.99791
 10837.600     0.99846
 10837.800     0.99882
 10838.000     0.99898
 10838.200     0.99877
 10838.400     0.99695
 10838.600     0.98635
 10838.800     0.93932
 10839.000     0.89248
 10839.200     0.94717
 10839.400     0.99132
 10839.600     0.99829
 10839.800     0.99914
 10840.000     0.99946
 10840.200     0.99964
 10840.400     0.99971
 10840.600     0.99966
 10840.800     0.99953
 10841.000     0.99944
 10841.200     0.99914
 10841.400     0.99920
 10841.600     0.99956
 10841.800     0.99953
 10842.000     0.99760
 10842.200     0.99488
 10842.400     0.99650
 10842.600     0.99802
 10842.800     0.99877
 10843.000     0.99898
 10843.200     0.99777
 10843.400     0.98225
 10843.600     0.87395
 10843.800     0.68928
 10844.000     0.72425
 10844.200     0.90667
 10844.400     0.98890
 10844.600     0.99857
 10844.800     0.99930
 10845.000     0.99949
 10845.200     0.99962
 10845.400     0.99970
 10845.600     0.99936
 10845.800     0.99890
 10846.000     0.99942
 10846.200     0.99968
 10846.400     0.99877
 10846.600     0.99481
 10846.800     0.99097
 10847.000     0.99583
 10847.200     0.99937
 10847.400     0.99870
 10847.600     0.99729
 10847.800     0.99841
 10848.000     0.99837
 10848.200     0.99706
 10848.400     0.99837
 10848.600     0.99919
 10848.800     0.99924
 10849.000     0.99691
 10849.200     0.98541
 10849.400     0.97389
 10849.600     0.98547
 10849.800     0.99712
 10850.000     0.99971
 10850.200     0.99961
 10850.400     0.99848
 10850.600     0.99672
 10850.800     0.99627
 10851.000     0.99830
 10851.200     0.99943
 10851.400     0.99963
 10851.600     0.99984
 10851.800     0.99975
 10852.000     0.99835
 10852.200     0.99645
 10852.400     0.99785
 10852.600     0.99791
 10852.800     0.98514
 10853.000     0.96853
 10853.200     0.98231
 10853.400     0.99283
 10853.600     0.99732
 10853.800     0.99969
 10854.000     0.99999
 10854.200     0.99999
 10854.400     0.99992
 10854.600     0.99934
 10854.800     0.99663
 10855.000     0.99384
 10855.200     0.99696
 10855.400     0.99934
 10855.600     0.99829
 10855.800     0.98978
 10856.000     0.97996
 10856.200     0.99047
 10856.400     0.99888
 10856.600     0.99992
 10856.800     0.99998
 10857.000     0.99996
 10857.200     0.99960
 10857.400     0.99844
 10857.600     0.99772
 10857.800     0.99896
 10858.000     0.99973
 10858.200     0.99949
 10858.400     0.99915
 10858.600     0.99942
 10858.800     0.99963
 10859.000     0.99853
 10859.200     0.99645
 10859.400     0.99712
 10859.600     0.99909
 10859.800     0.99987
 10860.000     0.99991
 10860.200     0.99964
 10860.400     0.99807
 10860.600     0.99606
 10860.800     0.99738
 10861.000     0.99878
 10861.200     0.99618
 10861.400     0.97808
 10861.600     0.95777
 10861.800     0.97872
 10862.000     0.99549
 10862.200     0.99287
 10862.400     0.94594
 10862.600     0.88053
 10862.800     0.92950
 10863.000     0.98073
 10863.200     0.94584
 10863.400     0.83030
 10863.600     0.78947
 10863.800     0.89780
 10864.000     0.97526
 10864.200     0.99494
 10864.400     0.99905
 10864.600     0.99943
 10864.800     0.99928
 10865.000     0.99961
 10865.200     0.99978
 10865.400     0.99973
 10865.600     0.99988
 10865.800     0.99999
 10866.000     0.99994
 10866.200     0.99942
 10866.400     0.99875
 10866.600     0.99925
 10866.800     0.99958
 10867.000     0.99935
 10867.200     0.99867
 10867.400     0.99822
 10867.600     0.99785
 10867.800     0.99723
 10868.000     0.99617
 10868.200     0.99069
 10868.400     0.94508
 10868.600     0.80458
 10868.800     0.70365
 10869.000     0.80883
 10869.200     0.79734
 10869.400     0.58219
 10869.600     0.54852
 10869.800     0.76739
 10870.000     0.92982
 10870.200     0.96247
 10870.400     0.95390
 10870.600     0.97547
 10870.800     0.98773
 10871.000     0.98302
 10871.200     0.98236
 10871.400     0.97089
 10871.600     0.94922
 10871.800     0.96939
 10872.000     0.98934
 10872.200     0.99064
 10872.400     0.99296
 10872.600     0.99263
 10872.800     0.97345
 10873.000     0.94897
 10873.200     0.97217
 10873.400     0.99220
 10873.600     0.99338
 10873.800     0.99688
 10874.000     0.99875
 10874.200     0.99526
 10874.400     0.99143
 10874.600     0.99567
 10874.800     0.99831
 10875.000     0.99671
 10875.200     0.99486
 10875.400     0.99323
 10875.600     0.99063
 10875.800     0.99124
 10876.000     0.99349
 10876.200     0.99387
 10876.400     0.99729
 10876.600     0.99885
 10876.800     0.99647
 10877.000     0.99360
 10877.200     0.99516
 10877.400     0.99846
 10877.600     0.99974
 10877.800     0.99924
 10878.000     0.99577
 10878.200     0.99164
 10878.400     0.99500
 10878.600     0.99858
 10878.800     0.99942
 10879.000     0.99906
 10879.200     0.99647
 10879.400     0.99216
 10879.600     0.98304
 10879.800     0.96633
 10880.000     0.97333
 10880.200     0.99118
 10880.400     0.99682
 10880.600     0.99488
 10880.800     0.99519
 10881.000     0.99825
 10881.200     0.99936
 10881.400     0.99277
 10881.600     0.95149
 10881.800     0.90607
 10882.000     0.95315
 10882.200     0.98787
 10882.400     0.98305
 10882.600     0.90432
 10882.800     0.80753
 10883.000     0.89663
 10883.200     0.98138
 10883.400     0.99453
 10883.600     0.99241
 10883.800     0.98856
 10884.000     0.92402
 10884.200     0.82673
 10884.400     0.88776
 10884.600     0.97249
 10884.800     0.98594
 10885.000     0.90097
 10885.200     0.71480
 10885.400     0.68694
 10885.600     0.87218
 10885.800     0.98084
 10886.000     0.99714
 10886.200     0.99867
 10886.400     0.99876
 10886.600     0.99569
 10886.800     0.99205
 10887.000     0.99620
 10887.200     0.99947
 10887.400     0.99984
 10887.600     0.99978
 10887.800     0.99983
 10888.000     0.99979
 10888.200     0.99811
 10888.400     0.99255
 10888.600     0.98885
 10888.800     0.99298
 10889.000     0.99472
 10889.200     0.99771
 10889.400     0.99974
 10889.600     1.00000
 10889.800     1.00000
 10890.000     1.00000
