the number of points per synthesis =   1001
start =  10280.000     stop =  10480.000     step =      0.200
 10280.000     1.00000
 10280.200     1.00000
 10280.400     1.00000
 10280.600     0.99994
 10280.800     0.99999
 10281.000     0.99991
 10281.200     0.99979
 10281.400     0.99968
 10281.600     0.99757
 10281.800     0.99389
 10282.000     0.99365
 10282.200     0.99351
 10282.400     0.99723
 10282.600     0.99918
 10282.800     0.99890
 10283.000     0.99886
 10283.200     0.99941
 10283.400     0.99867
 10283.600     0.98956
 10283.800     0.97737
 10284.000     0.98851
 10284.200     0.99381
 10284.400     0.98476
 10284.600     0.97751
 10284.800     0.99056
 10285.000     0.99893
 10285.200     0.99983
 10285.400     0.99987
 10285.600     0.99995
 10285.800     0.99997
 10286.000     0.99993
 10286.200     0.99992
 10286.400     0.99988
 10286.600     0.99972
 10286.800     0.99968
 10287.000     0.99968
 10287.200     0.99951
 10287.400     0.99915
 10287.600     0.99874
 10287.800     0.99663
 10288.000     0.99398
 10288.200     0.99391
 10288.400     0.98545
 10288.600     0.94052
 10288.800     0.82280
 10289.000     0.76105
 10289.200     0.89046
 10289.400     0.97866
 10289.600     0.99530
 10289.800     0.99692
 10290.000     0.99466
 10290.200     0.98559
 10290.400     0.96900
 10290.600     0.97651
 10290.800     0.99308
 10291.000     0.99891
 10291.200     0.99918
 10291.400     0.99912
 10291.600     0.99950
 10291.800     0.99962
 10292.000     0.99981
 10292.200     0.99997
 10292.400     1.00000
 10292.600     0.99997
 10292.800     0.99990
 10293.000     0.99968
 10293.200     0.99939
 10293.400     0.99965
 10293.600     0.99985
 10293.800     0.99995
 10294.000     0.99993
 10294.200     0.99982
 10294.400     0.99978
 10294.600     0.99932
 10294.800     0.99538
 10295.000     0.98950
 10295.200     0.99256
 10295.400     0.99431
 10295.600     0.99625
 10295.800     0.99885
 10296.000     0.99964
 10296.200     0.99932
 10296.400     0.99743
 10296.600     0.99356
 10296.800     0.98561
 10297.000     0.97144
 10297.200     0.98115
 10297.400     0.99370
 10297.600     0.99569
 10297.800     0.99700
 10298.000     0.99773
 10298.200     0.99084
 10298.400     0.98109
 10298.600     0.98550
 10298.800     0.98897
 10299.000     0.98896
 10299.200     0.98084
 10299.400     0.98332
 10299.600     0.99420
 10299.800     0.99877
 10300.000     0.99934
 10300.200     0.99965
 10300.400     0.99981
 10300.600     0.99986
 10300.800     0.99970
 10301.000     0.99834
 10301.200     0.99095
 10301.400     0.98239
 10301.600     0.99203
 10301.800     0.99899
 10302.000     0.99949
 10302.200     0.99363
 10302.400     0.93795
 10302.600     0.86268
 10302.800     0.93548
 10303.000     0.98900
 10303.200     0.99446
 10303.400     0.99789
 10303.600     0.99962
 10303.800     0.99975
 10304.000     0.99980
 10304.200     0.99981
 10304.400     0.99936
 10304.600     0.99872
 10304.800     0.99917
 10305.000     0.99957
 10305.200     0.99909
 10305.400     0.99786
 10305.600     0.99590
 10305.800     0.99381
 10306.000     0.99668
 10306.200     0.99815
 10306.400     0.99903
 10306.600     0.99971
 10306.800     0.99978
 10307.000     0.99775
 10307.200     0.97847
 10307.400     0.95170
 10307.600     0.97490
 10307.800     0.99151
 10308.000     0.98981
 10308.200     0.99536
 10308.400     0.99767
 10308.600     0.99595
 10308.800     0.99778
 10309.000     0.99900
 10309.200     0.99960
 10309.400     0.99992
 10309.600     0.99984
 10309.800     0.99890
 10310.000     0.99676
 10310.200     0.99622
 10310.400     0.99733
 10310.600     0.99729
 10310.800     0.99786
 10311.000     0.99922
 10311.200     0.99955
 10311.400     0.99907
 10311.600     0.99851
 10311.800     0.99808
 10312.000     0.99784
 10312.200     0.99061
 10312.400     0.96777
 10312.600     0.95422
 10312.800     0.97305
 10313.000     0.94592
 10313.200     0.89497
 10313.400     0.94907
 10313.600     0.99224
 10313.800     0.99848
 10314.000     0.99849
 10314.200     0.99815
 10314.400     0.99848
 10314.600     0.99838
 10314.800     0.99875
 10315.000     0.99948
 10315.200     0.99961
 10315.400     0.99937
 10315.600     0.99941
 10315.800     0.99940
 10316.000     0.99933
 10316.200     0.99957
 10316.400     0.99975
 10316.600     0.99958
 10316.800     0.99900
 10317.000     0.99532
 10317.200     0.99113
 10317.400     0.99593
 10317.600     0.99895
 10317.800     0.99445
 10318.000     0.98750
 10318.200     0.99332
 10318.400     0.99416
 10318.600     0.98867
 10318.800     0.99403
 10319.000     0.99873
 10319.200     0.99822
 10319.400     0.99638
 10319.600     0.99785
 10319.800     0.99899
 10320.000     0.99921
 10320.200     0.99947
 10320.400     0.99962
 10320.600     0.99756
 10320.800     0.98834
 10321.000     0.97962
 10321.200     0.98833
 10321.400     0.99479
 10321.600     0.99750
 10321.800     0.99933
 10322.000     0.99981
 10322.200     0.99988
 10322.400     0.99990
 10322.600     0.99989
 10322.800     0.99977
 10323.000     0.99870
 10323.200     0.99298
 10323.400     0.98515
 10323.600     0.98915
 10323.800     0.99553
 10324.000     0.99883
 10324.200     0.99982
 10324.400     0.99997
 10324.600     0.99989
 10324.800     0.99933
 10325.000     0.99793
 10325.200     0.99658
 10325.400     0.99642
 10325.600     0.99180
 10325.800     0.98401
 10326.000     0.99146
 10326.200     0.99595
 10326.400     0.99432
 10326.600     0.99400
 10326.800     0.98262
 10327.000     0.88448
 10327.200     0.67544
 10327.400     0.65891
 10327.600     0.87102
 10327.800     0.98056
 10328.000     0.99522
 10328.200     0.99704
 10328.400     0.99713
 10328.600     0.99730
 10328.800     0.99707
 10329.000     0.99702
 10329.200     0.99823
 10329.400     0.99799
 10329.600     0.99498
 10329.800     0.98731
 10330.000     0.93268
 10330.200     0.85705
 10330.400     0.93143
 10330.600     0.98962
 10330.800     0.99475
 10331.000     0.96795
 10331.200     0.92765
 10331.400     0.95183
 10331.600     0.97701
 10331.800     0.99203
 10332.000     0.99287
 10332.200     0.97114
 10332.400     0.95213
 10332.600     0.97700
 10332.800     0.99246
 10333.000     0.98418
 10333.200     0.97346
 10333.400     0.98687
 10333.600     0.99787
 10333.800     0.99962
 10334.000     0.99947
 10334.200     0.99951
 10334.400     0.99938
 10334.600     0.99911
 10334.800     0.99961
 10335.000     0.99988
 10335.200     0.99969
 10335.400     0.99919
 10335.600     0.99872
 10335.800     0.99630
 10336.000     0.99103
 10336.200     0.98639
 10336.400     0.98159
 10336.600     0.99215
 10336.800     0.99874
 10337.000     0.99577
 10337.200     0.99057
 10337.400     0.99533
 10337.600     0.99846
 10337.800     0.99156
 10338.000     0.98148
 10338.200     0.99103
 10338.400     0.99870
 10338.600     0.99973
 10338.800     0.99953
 10339.000     0.99911
 10339.200     0.99918
 10339.400     0.99868
 10339.600     0.99859
 10339.800     0.99921
 10340.000     0.99789
 10340.200     0.99547
 10340.400     0.99145
 10340.600     0.93143
 10340.800     0.82092
 10341.000     0.85623
 10341.200     0.95804
 10341.400     0.99589
 10341.600     0.99919
 10341.800     0.99921
 10342.000     0.99874
 10342.200     0.99818
 10342.400     0.99854
 10342.600     0.99850
 10342.800     0.99798
 10343.000     0.99680
 10343.200     0.99306
 10343.400     0.97060
 10343.600     0.85235
 10343.800     0.69895
 10344.000     0.80743
 10344.200     0.94855
 10344.400     0.99032
 10344.600     0.99482
 10344.800     0.99402
 10345.000     0.99651
 10345.200     0.99816
 10345.400     0.99631
 10345.600     0.99353
 10345.800     0.99629
 10346.000     0.99817
 10346.200     0.99489
 10346.400     0.99033
 10346.600     0.99573
 10346.800     0.99945
 10347.000     0.99901
 10347.200     0.99347
 10347.400     0.98594
 10347.600     0.98269
 10347.800     0.92112
 10348.000     0.84403
 10348.200     0.93047
 10348.400     0.99255
 10348.600     0.99873
 10348.800     0.99834
 10349.000     0.99808
 10349.200     0.99418
 10349.400     0.98834
 10349.600     0.99424
 10349.800     0.99865
 10350.000     0.99767
 10350.200     0.99623
 10350.400     0.99620
 10350.600     0.98333
 10350.800     0.96614
 10351.000     0.98462
 10351.200     0.99814
 10351.400     0.99965
 10351.600     0.99972
 10351.800     0.99983
 10352.000     0.99982
 10352.200     0.99890
 10352.400     0.99621
 10352.600     0.99491
 10352.800     0.99773
 10353.000     0.99914
 10353.200     0.99855
 10353.400     0.99315
 10353.600     0.94205
 10353.800     0.87316
 10354.000     0.94047
 10354.200     0.98438
 10354.400     0.97751
 10354.600     0.98507
 10354.800     0.99123
 10355.000     0.98752
 10355.200     0.99381
 10355.400     0.99897
 10355.600     0.99981
 10355.800     0.99990
 10356.000     0.99992
 10356.200     0.99986
 10356.400     0.99879
 10356.600     0.99357
 10356.800     0.98795
 10357.000     0.99378
 10357.200     0.99872
 10357.400     0.99897
 10357.600     0.99822
 10357.800     0.99901
 10358.000     0.99835
 10358.200     0.99573
 10358.400     0.99444
 10358.600     0.99469
 10358.800     0.99768
 10359.000     0.99923
 10359.200     0.99906
 10359.400     0.99921
 10359.600     0.99953
 10359.800     0.99974
 10360.000     0.99942
 10360.200     0.99726
 10360.400     0.98227
 10360.600     0.96223
 10360.800     0.98090
 10361.000     0.99342
 10361.200     0.99751
 10361.400     0.99957
 10361.600     0.99986
 10361.800     0.99988
 10362.000     0.99984
 10362.200     0.99928
 10362.400     0.99302
 10362.600     0.97817
 10362.800     0.97562
 10363.000     0.99109
 10363.200     0.99900
 10363.400     0.99965
 10363.600     0.99698
 10363.800     0.96996
 10364.000     0.92991
 10364.200     0.96008
 10364.400     0.99133
 10364.600     0.99479
 10364.800     0.98359
 10365.000     0.97501
 10365.200     0.98809
 10365.400     0.99776
 10365.600     0.99886
 10365.800     0.99858
 10366.000     0.99490
 10366.200     0.98982
 10366.400     0.99545
 10366.600     0.99942
 10366.800     0.99832
 10367.000     0.99506
 10367.200     0.99509
 10367.400     0.99832
 10367.600     0.99984
 10367.800     0.99993
 10368.000     0.99983
 10368.200     0.99988
 10368.400     0.99994
 10368.600     0.99961
 10368.800     0.99877
 10369.000     0.99714
 10369.200     0.99495
 10369.400     0.99653
 10369.600     0.99776
 10369.800     0.99729
 10370.000     0.99512
 10370.200     0.99176
 10370.400     0.99030
 10370.600     0.98340
 10370.800     0.95297
 10371.000     0.83245
 10371.200     0.64724
 10371.400     0.68253
 10371.600     0.86808
 10371.800     0.96336
 10372.000     0.98645
 10372.200     0.99312
 10372.400     0.99541
 10372.600     0.99638
 10372.800     0.99712
 10373.000     0.99792
 10373.200     0.99846
 10373.400     0.99876
 10373.600     0.99887
 10373.800     0.99904
 10374.000     0.99964
 10374.200     0.99990
 10374.400     0.99993
 10374.600     0.99997
 10374.800     0.99997
 10375.000     0.99990
 10375.200     0.99987
 10375.400     0.99988
 10375.600     0.99977
 10375.800     0.99916
 10376.000     0.99508
 10376.200     0.99023
 10376.400     0.99564
 10376.600     0.99950
 10376.800     0.99976
 10377.000     0.99829
 10377.200     0.99425
 10377.400     0.99271
 10377.600     0.99683
 10377.800     0.99770
 10378.000     0.99556
 10378.200     0.98911
 10378.400     0.91683
 10378.600     0.81386
 10378.800     0.85941
 10379.000     0.86674
 10379.200     0.94337
 10379.400     0.99345
 10379.600     0.99633
 10379.800     0.99434
 10380.000     0.99731
 10380.200     0.99952
 10380.400     0.99982
 10380.600     0.99972
 10380.800     0.99935
 10381.000     0.99921
 10381.200     0.99966
 10381.400     0.99995
 10381.600     0.99999
 10381.800     0.99983
 10382.000     0.99833
 10382.200     0.99428
 10382.400     0.99213
 10382.600     0.99565
 10382.800     0.99867
 10383.000     0.99954
 10383.200     0.99959
 10383.400     0.99924
 10383.600     0.99852
 10383.800     0.99881
 10384.000     0.99921
 10384.200     0.99733
 10384.400     0.98913
 10384.600     0.97427
 10384.800     0.95351
 10385.000     0.94260
 10385.200     0.97694
 10385.400     0.99751
 10385.600     0.99972
 10385.800     0.99986
 10386.000     0.99980
 10386.200     0.99965
 10386.400     0.99971
 10386.600     0.99985
 10386.800     0.99989
 10387.000     0.99938
 10387.200     0.99413
 10387.400     0.98515
 10387.600     0.98815
 10387.800     0.99445
 10388.000     0.99828
 10388.200     0.99951
 10388.400     0.99752
 10388.600     0.98518
 10388.800     0.97176
 10389.000     0.98750
 10389.200     0.99686
 10389.400     0.99219
 10389.600     0.98860
 10389.800     0.99530
 10390.000     0.99946
 10390.200     0.99988
 10390.400     0.99973
 10390.600     0.99798
 10390.800     0.99109
 10391.000     0.98354
 10391.200     0.98334
 10391.400     0.98220
 10391.600     0.99241
 10391.800     0.99790
 10392.000     0.99753
 10392.200     0.99860
 10392.400     0.99956
 10392.600     0.99969
 10392.800     0.99966
 10393.000     0.99958
 10393.200     0.99889
 10393.400     0.99789
 10393.600     0.99824
 10393.800     0.99933
 10394.000     0.99957
 10394.200     0.99938
 10394.400     0.99948
 10394.600     0.99907
 10394.800     0.99796
 10395.000     0.99808
 10395.200     0.99837
 10395.400     0.98690
 10395.600     0.88767
 10395.800     0.75888
 10396.000     0.88594
 10396.200     0.97918
 10396.400     0.98682
 10396.600     0.91548
 10396.800     0.81539
 10397.000     0.91600
 10397.200     0.98973
 10397.400     0.98560
 10397.600     0.97023
 10397.800     0.98527
 10398.000     0.99576
 10398.200     0.99159
 10398.400     0.98735
 10398.600     0.99208
 10398.800     0.99399
 10399.000     0.98694
 10399.200     0.98145
 10399.400     0.99238
 10399.600     0.99860
 10399.800     0.99844
 10400.000     0.99920
 10400.200     0.99967
 10400.400     0.99927
 10400.600     0.99684
 10400.800     0.99285
 10401.000     0.99486
 10401.200     0.99852
 10401.400     0.99962
 10401.600     0.99949
 10401.800     0.99941
 10402.000     0.99961
 10402.200     0.99958
 10402.400     0.99981
 10402.600     0.99985
 10402.800     0.99926
 10403.000     0.99644
 10403.200     0.99315
 10403.400     0.99695
 10403.600     0.99943
 10403.800     0.99833
 10404.000     0.99633
 10404.200     0.99733
 10404.400     0.99902
 10404.600     0.99849
 10404.800     0.99646
 10405.000     0.99662
 10405.200     0.99740
 10405.400     0.99637
 10405.600     0.99764
 10405.800     0.99910
 10406.000     0.99921
 10406.200     0.99847
 10406.400     0.99350
 10406.600     0.98185
 10406.800     0.94424
 10407.000     0.88933
 10407.200     0.93479
 10407.400     0.98389
 10407.600     0.99155
 10407.800     0.98786
 10408.000     0.99402
 10408.200     0.99874
 10408.400     0.99938
 10408.600     0.99864
 10408.800     0.99274
 10409.000     0.98413
 10409.200     0.98941
 10409.400     0.99723
 10409.600     0.99960
 10409.800     0.99989
 10410.000     0.99997
 10410.200     0.99993
 10410.400     0.99942
 10410.600     0.99580
 10410.800     0.99113
 10411.000     0.99587
 10411.200     0.99946
 10411.400     0.99982
 10411.600     0.99977
 10411.800     0.99991
 10412.000     0.99999
 10412.200     1.00000
 10412.400     0.99998
 10412.600     0.99992
 10412.800     0.99983
 10413.000     0.99904
 10413.200     0.99526
 10413.400     0.99137
 10413.600     0.99584
 10413.800     0.99929
 10414.000     0.99975
 10414.200     0.99962
 10414.400     0.99846
 10414.600     0.98940
 10414.800     0.96882
 10415.000     0.96501
 10415.200     0.98588
 10415.400     0.99407
 10415.600     0.99107
 10415.800     0.99452
 10416.000     0.99762
 10416.200     0.99733
 10416.400     0.99527
 10416.600     0.99191
 10416.800     0.99543
 10417.000     0.99367
 10417.200     0.98867
 10417.400     0.99475
 10417.600     0.99924
 10417.800     0.99986
 10418.000     0.99967
 10418.200     0.99933
 10418.400     0.99948
 10418.600     0.99928
 10418.800     0.99857
 10419.000     0.99677
 10419.200     0.99585
 10419.400     0.99828
 10419.600     0.99921
 10419.800     0.99859
 10420.000     0.99918
 10420.200     0.99983
 10420.400     0.99993
 10420.600     0.99961
 10420.800     0.99800
 10421.000     0.99483
 10421.200     0.99451
 10421.400     0.99769
 10421.600     0.99884
 10421.800     0.99891
 10422.000     0.99877
 10422.200     0.99767
 10422.400     0.99763
 10422.600     0.99385
 10422.800     0.94455
 10423.000     0.87554
 10423.200     0.93831
 10423.400     0.97693
 10423.600     0.91494
 10423.800     0.84768
 10424.000     0.93477
 10424.200     0.99373
 10424.400     0.99943
 10424.600     0.99832
 10424.800     0.99651
 10425.000     0.99821
 10425.200     0.99904
 10425.400     0.99642
 10425.600     0.99112
 10425.800     0.99003
 10426.000     0.99566
 10426.200     0.99529
 10426.400     0.98857
 10426.600     0.98871
 10426.800     0.99577
 10427.000     0.99929
 10427.200     0.99978
 10427.400     0.99987
 10427.600     0.99990
 10427.800     0.99989
 10428.000     0.99982
 10428.200     0.99930
 10428.400     0.99563
 10428.600     0.99083
 10428.800     0.99584
 10429.000     0.99944
 10429.200     0.99984
 10429.400     0.99958
 10429.600     0.99911
 10429.800     0.99954
 10430.000     0.99989
 10430.200     0.99995
 10430.400     0.99988
 10430.600     0.99923
 10430.800     0.99827
 10431.000     0.99908
 10431.200     0.99967
 10431.400     0.99915
 10431.600     0.99754
 10431.800     0.99696
 10432.000     0.99684
 10432.200     0.99587
 10432.400     0.99723
 10432.600     0.99710
 10432.800     0.99565
 10433.000     0.99299
 10433.200     0.99621
 10433.400     0.99884
 10433.600     0.99510
 10433.800     0.98323
 10434.000     0.97817
 10434.200     0.98947
 10434.400     0.99594
 10434.600     0.99590
 10434.800     0.99678
 10435.000     0.99553
 10435.200     0.97434
 10435.400     0.94840
 10435.600     0.97723
 10435.800     0.99769
 10436.000     0.99907
 10436.200     0.99817
 10436.400     0.99892
 10436.600     0.99974
 10436.800     0.99972
 10437.000     0.99878
 10437.200     0.99703
 10437.400     0.99385
 10437.600     0.99034
 10437.800     0.99557
 10438.000     0.99935
 10438.200     0.99963
 10438.400     0.99954
 10438.600     0.99904
 10438.800     0.99480
 10439.000     0.98954
 10439.200     0.99296
 10439.400     0.99468
 10439.600     0.99767
 10439.800     0.99960
 10440.000     0.99967
 10440.200     0.99794
 10440.400     0.98869
 10440.600     0.97860
 10440.800     0.98811
 10441.000     0.98652
 10441.200     0.97341
 10441.400     0.97554
 10441.600     0.98770
 10441.800     0.99647
 10442.000     0.99758
 10442.200     0.99518
 10442.400     0.99283
 10442.600     0.98823
 10442.800     0.99369
 10443.000     0.99876
 10443.200     0.99978
 10443.400     0.99978
 10443.600     0.99962
 10443.800     0.99969
 10444.000     0.99934
 10444.200     0.99847
 10444.400     0.99869
 10444.600     0.99954
 10444.800     0.99989
 10445.000     0.99993
 10445.200     0.99988
 10445.400     0.99979
 10445.600     0.99961
 10445.800     0.99967
 10446.000     0.99933
 10446.200     0.99767
 10446.400     0.99356
 10446.600     0.99041
 10446.800     0.99420
 10447.000     0.99843
 10447.200     0.99947
 10447.400     0.99902
 10447.600     0.99837
 10447.800     0.99616
 10448.000     0.99095
 10448.200     0.98502
 10448.400     0.97189
 10448.600     0.96282
 10448.800     0.97064
 10449.000     0.96778
 10449.200     0.98477
 10449.400     0.99746
 10449.600     0.99923
 10449.800     0.99845
 10450.000     0.99697
 10450.200     0.99712
 10450.400     0.99884
 10450.600     0.99967
 10450.800     0.99980
 10451.000     0.99979
 10451.200     0.99985
 10451.400     0.99990
 10451.600     0.99988
 10451.800     0.99971
 10452.000     0.99942
 10452.200     0.99941
 10452.400     0.99862
 10452.600     0.99419
 10452.800     0.98844
 10453.000     0.98894
 10453.200     0.98952
 10453.400     0.99540
 10453.600     0.99863
 10453.800     0.99834
 10454.000     0.99785
 10454.200     0.99808
 10454.400     0.99797
 10454.600     0.99700
 10454.800     0.99435
 10455.000     0.98063
 10455.200     0.90222
 10455.400     0.77718
 10455.600     0.81832
 10455.800     0.93555
 10456.000     0.98410
 10456.200     0.98836
 10456.400     0.97890
 10456.600     0.93136
 10456.800     0.87441
 10457.000     0.93390
 10457.200     0.98631
 10457.400     0.99677
 10457.600     0.99765
 10457.800     0.99588
 10458.000     0.98911
 10458.200     0.98202
 10458.400     0.99115
 10458.600     0.99714
 10458.800     0.99630
 10459.000     0.98628
 10459.200     0.92349
 10459.400     0.82466
 10459.600     0.86400
 10459.800     0.95041
 10460.000     0.97492
 10460.200     0.98116
 10460.400     0.98631
 10460.600     0.98615
 10460.800     0.99256
 10461.000     0.99354
 10461.200     0.99150
 10461.400     0.99632
 10461.600     0.99937
 10461.800     0.99958
 10462.000     0.99851
 10462.200     0.99706
 10462.400     0.99858
 10462.600     0.99929
 10462.800     0.99784
 10463.000     0.99648
 10463.200     0.99850
 10463.400     0.99982
 10463.600     0.99962
 10463.800     0.99838
 10464.000     0.99663
 10464.200     0.99630
 10464.400     0.99813
 10464.600     0.99946
 10464.800     0.99957
 10465.000     0.99869
 10465.200     0.99789
 10465.400     0.99912
 10465.600     0.99989
 10465.800     0.99965
 10466.000     0.99915
 10466.200     0.99931
 10466.400     0.99846
 10466.600     0.99684
 10466.800     0.99841
 10467.000     0.99971
 10467.200     0.99980
 10467.400     0.99970
 10467.600     0.99981
 10467.800     0.99987
 10468.000     0.99981
 10468.200     0.99965
 10468.400     0.99910
 10468.600     0.99843
 10468.800     0.99748
 10469.000     0.98959
 10469.200     0.96844
 10469.400     0.87386
 10469.600     0.71230
 10469.800     0.79328
 10470.000     0.94387
 10470.200     0.99329
 10470.400     0.99613
 10470.600     0.99167
 10470.800     0.98664
 10471.000     0.98597
 10471.200     0.99342
 10471.400     0.99833
 10471.600     0.99895
 10471.800     0.99745
 10472.000     0.99625
 10472.200     0.99807
 10472.400     0.99957
 10472.600     0.99983
 10472.800     0.99976
 10473.000     0.99947
 10473.200     0.99904
 10473.400     0.99954
 10473.600     0.99992
 10473.800     0.99992
 10474.000     0.99992
 10474.200     0.99990
 10474.400     0.99953
 10474.600     0.99890
 10474.800     0.99892
 10475.000     0.99891
 10475.200     0.99661
 10475.400     0.99305
 10475.600     0.99333
 10475.800     0.99751
 10476.000     0.99957
 10476.200     0.99960
 10476.400     0.99941
 10476.600     0.99953
 10476.800     0.99955
 10477.000     0.99971
 10477.200     0.99957
 10477.400     0.99764
 10477.600     0.99194
 10477.800     0.98287
 10478.000     0.97715
 10478.200     0.98638
 10478.400     0.99096
 10478.600     0.99633
 10478.800     0.99948
 10479.000     0.99972
 10479.200     0.99961
 10479.400     0.99963
 10479.600     1.00000
 10479.800     1.00000
 10480.000     1.00000
