the number of points per synthesis =   1251
start =  11800.000     stop =  12050.000     step =      0.200
 11800.000     1.00000
 11800.200     1.00000
 11800.400     1.00000
 11800.600     0.97630
 11800.800     0.95854
 11801.000     0.93742
 11801.200     0.94554
 11801.400     0.97681
 11801.600     0.99492
 11801.800     0.99869
 11802.000     0.99909
 11802.200     0.99934
 11802.400     0.99887
 11802.600     0.99574
 11802.800     0.99270
 11803.000     0.99551
 11803.200     0.99852
 11803.400     0.99946
 11803.600     0.99974
 11803.800     0.99984
 11804.000     0.99984
 11804.200     0.99977
 11804.400     0.99944
 11804.600     0.99840
 11804.800     0.99771
 11805.000     0.99874
 11805.200     0.99936
 11805.400     0.99881
 11805.600     0.99763
 11805.800     0.99705
 11806.000     0.99852
 11806.200     0.99969
 11806.400     0.99990
 11806.600     0.99970
 11806.800     0.99881
 11807.000     0.99791
 11807.200     0.99824
 11807.400     0.99628
 11807.600     0.98666
 11807.800     0.97858
 11808.000     0.98759
 11808.200     0.99699
 11808.400     0.99853
 11808.600     0.99572
 11808.800     0.99233
 11809.000     0.99470
 11809.200     0.99817
 11809.400     0.99939
 11809.600     0.99962
 11809.800     0.99959
 11810.000     0.99945
 11810.200     0.99910
 11810.400     0.99807
 11810.600     0.99632
 11810.800     0.98916
 11811.000     0.95264
 11811.200     0.88218
 11811.400     0.81488
 11811.600     0.80373
 11811.800     0.89878
 11812.000     0.97457
 11812.200     0.98666
 11812.400     0.97039
 11812.600     0.96068
 11812.800     0.97897
 11813.000     0.98850
 11813.200     0.98267
 11813.400     0.98317
 11813.600     0.98300
 11813.800     0.97917
 11814.000     0.98844
 11814.200     0.99717
 11814.400     0.99892
 11814.600     0.99940
 11814.800     0.99967
 11815.000     0.99949
 11815.200     0.99925
 11815.400     0.99956
 11815.600     0.99984
 11815.800     0.99977
 11816.000     0.99923
 11816.200     0.99865
 11816.400     0.99862
 11816.600     0.99613
 11816.800     0.99223
 11817.000     0.99375
 11817.200     0.99766
 11817.400     0.99950
 11817.600     0.99980
 11817.800     0.99890
 11818.000     0.99364
 11818.200     0.98391
 11818.400     0.98190
 11818.600     0.98930
 11818.800     0.98854
 11819.000     0.98263
 11819.200     0.98730
 11819.400     0.99520
 11819.600     0.99838
 11819.800     0.99913
 11820.000     0.99934
 11820.200     0.99907
 11820.400     0.99670
 11820.600     0.98054
 11820.800     0.92824
 11821.000     0.88814
 11821.200     0.93650
 11821.400     0.98560
 11821.600     0.99761
 11821.800     0.99885
 11822.000     0.99864
 11822.200     0.99867
 11822.400     0.99918
 11822.600     0.99921
 11822.800     0.99773
 11823.000     0.99596
 11823.200     0.99706
 11823.400     0.99857
 11823.600     0.99905
 11823.800     0.99890
 11824.000     0.99881
 11824.200     0.99863
 11824.400     0.99815
 11824.600     0.99862
 11824.800     0.99914
 11825.000     0.99779
 11825.200     0.99213
 11825.400     0.98597
 11825.600     0.98291
 11825.800     0.96851
 11826.000     0.94462
 11826.200     0.93545
 11826.400     0.94438
 11826.600     0.94242
 11826.800     0.91660
 11827.000     0.86576
 11827.200     0.82123
 11827.400     0.80884
 11827.600     0.76756
 11827.800     0.66464
 11828.000     0.53215
 11828.200     0.48353
 11828.400     0.57216
 11828.600     0.70174
 11828.800     0.79480
 11829.000     0.85316
 11829.200     0.89130
 11829.400     0.91532
 11829.600     0.92403
 11829.800     0.92570
 11830.000     0.93847
 11830.200     0.93259
 11830.400     0.91695
 11830.600     0.94746
 11830.800     0.98496
 11831.000     0.99756
 11831.200     0.99946
 11831.400     0.99987
 11831.600     0.99999
 11831.800     1.00000
 11832.000     0.99998
 11832.200     0.99988
 11832.400     0.99978
 11832.600     0.99988
 11832.800     0.99998
 11833.000     1.00000
 11833.200     0.99998
 11833.400     0.99996
 11833.600     0.99998
 11833.800     0.99999
 11834.000     0.99997
 11834.200     0.99988
 11834.400     0.99953
 11834.600     0.99872
 11834.800     0.99784
 11835.000     0.99759
 11835.200     0.99720
 11835.400     0.99526
 11835.600     0.99523
 11835.800     0.99791
 11836.000     0.99955
 11836.200     0.99962
 11836.400     0.99840
 11836.600     0.99447
 11836.800     0.99104
 11837.000     0.99383
 11837.200     0.99725
 11837.400     0.99738
 11837.600     0.99608
 11837.800     0.99561
 11838.000     0.99516
 11838.200     0.99251
 11838.400     0.98169
 11838.600     0.93691
 11838.800     0.83043
 11839.000     0.75446
 11839.200     0.82975
 11839.400     0.93643
 11839.600     0.98039
 11839.800     0.99029
 11840.000     0.99323
 11840.200     0.99547
 11840.400     0.99598
 11840.600     0.99363
 11840.800     0.99149
 11841.000     0.99102
 11841.200     0.98002
 11841.400     0.95179
 11841.600     0.93454
 11841.800     0.95835
 11842.000     0.98771
 11842.200     0.99821
 11842.400     0.99939
 11842.600     0.99738
 11842.800     0.99045
 11843.000     0.98521
 11843.200     0.99056
 11843.400     0.98887
 11843.600     0.97077
 11843.800     0.96094
 11844.000     0.98086
 11844.200     0.99689
 11844.400     0.99962
 11844.600     0.99921
 11844.800     0.99867
 11845.000     0.99886
 11845.200     0.99713
 11845.400     0.99368
 11845.600     0.99412
 11845.800     0.99757
 11846.000     0.99911
 11846.200     0.99908
 11846.400     0.99939
 11846.600     0.99968
 11846.800     0.99952
 11847.000     0.99901
 11847.200     0.99808
 11847.400     0.99701
 11847.600     0.99741
 11847.800     0.99832
 11848.000     0.99784
 11848.200     0.99271
 11848.400     0.97216
 11848.600     0.94071
 11848.800     0.93874
 11849.000     0.96943
 11849.200     0.98974
 11849.400     0.98675
 11849.600     0.97896
 11849.800     0.98761
 11850.000     0.99708
 11850.200     0.99936
 11850.400     0.99943
 11850.600     0.99898
 11850.800     0.99827
 11851.000     0.99764
 11851.200     0.99736
 11851.400     0.99504
 11851.600     0.99254
 11851.800     0.99467
 11852.000     0.99662
 11852.200     0.99831
 11852.400     0.99957
 11852.600     0.99987
 11852.800     0.99990
 11853.000     0.99990
 11853.200     0.99990
 11853.400     0.99989
 11853.600     0.99973
 11853.800     0.99709
 11854.000     0.98316
 11854.200     0.96848
 11854.400     0.98088
 11854.600     0.99482
 11854.800     0.99762
 11855.000     0.99876
 11855.200     0.99957
 11855.400     0.99921
 11855.600     0.99712
 11855.800     0.99531
 11856.000     0.99729
 11856.200     0.99881
 11856.400     0.99737
 11856.600     0.99533
 11856.800     0.99210
 11857.000     0.97224
 11857.200     0.95217
 11857.400     0.97194
 11857.600     0.99352
 11857.800     0.99891
 11858.000     0.99958
 11858.200     0.99911
 11858.400     0.99840
 11858.600     0.99869
 11858.800     0.99909
 11859.000     0.99909
 11859.200     0.99932
 11859.400     0.99960
 11859.600     0.99941
 11859.800     0.99843
 11860.000     0.99757
 11860.200     0.99836
 11860.400     0.99930
 11860.600     0.99957
 11860.800     0.99943
 11861.000     0.99872
 11861.200     0.99474
 11861.400     0.97496
 11861.600     0.95075
 11861.800     0.96423
 11862.000     0.98851
 11862.200     0.99678
 11862.400     0.99515
 11862.600     0.98241
 11862.800     0.95307
 11863.000     0.93530
 11863.200     0.95797
 11863.400     0.98231
 11863.600     0.97258
 11863.800     0.93429
 11864.000     0.92440
 11864.200     0.96455
 11864.400     0.99271
 11864.600     0.99796
 11864.800     0.99833
 11865.000     0.99616
 11865.200     0.99363
 11865.400     0.99590
 11865.600     0.99885
 11865.800     0.99977
 11866.000     0.99989
 11866.200     0.99989
 11866.400     0.99977
 11866.600     0.99931
 11866.800     0.99855
 11867.000     0.99829
 11867.200     0.99899
 11867.400     0.99960
 11867.600     0.99970
 11867.800     0.99979
 11868.000     0.99992
 11868.200     0.99991
 11868.400     0.99967
 11868.600     0.99946
 11868.800     0.99954
 11869.000     0.99960
 11869.200     0.99977
 11869.400     0.99985
 11869.600     0.99974
 11869.800     0.99953
 11870.000     0.99927
 11870.200     0.99935
 11870.400     0.99943
 11870.600     0.99891
 11870.800     0.99599
 11871.000     0.98867
 11871.200     0.98435
 11871.400     0.99175
 11871.600     0.99799
 11871.800     0.99911
 11872.000     0.99888
 11872.200     0.99765
 11872.400     0.99090
 11872.600     0.96369
 11872.800     0.93912
 11873.000     0.96596
 11873.200     0.99318
 11873.400     0.99887
 11873.600     0.99886
 11873.800     0.99696
 11874.000     0.98890
 11874.200     0.98071
 11874.400     0.98909
 11874.600     0.99769
 11874.800     0.99959
 11875.000     0.99961
 11875.200     0.99565
 11875.400     0.97561
 11875.600     0.95560
 11875.800     0.97449
 11876.000     0.99501
 11876.200     0.99956
 11876.400     0.99964
 11876.600     0.99810
 11876.800     0.99589
 11877.000     0.99627
 11877.200     0.99806
 11877.400     0.99902
 11877.600     0.99942
 11877.800     0.99914
 11878.000     0.99698
 11878.200     0.99447
 11878.400     0.99586
 11878.600     0.99795
 11878.800     0.99772
 11879.000     0.99321
 11879.200     0.97659
 11879.400     0.94351
 11879.600     0.92488
 11879.800     0.94908
 11880.000     0.97757
 11880.200     0.99142
 11880.400     0.99568
 11880.600     0.99542
 11880.800     0.99448
 11881.000     0.99463
 11881.200     0.99280
 11881.400     0.98252
 11881.600     0.97060
 11881.800     0.97454
 11882.000     0.97688
 11882.200     0.95869
 11882.400     0.88608
 11882.600     0.70980
 11882.800     0.53251
 11883.000     0.58362
 11883.200     0.79328
 11883.400     0.92027
 11883.600     0.92681
 11883.800     0.80060
 11884.000     0.60138
 11884.200     0.61424
 11884.400     0.82364
 11884.600     0.95376
 11884.800     0.97954
 11885.000     0.97869
 11885.200     0.98205
 11885.400     0.99138
 11885.600     0.99686
 11885.800     0.99819
 11886.000     0.99822
 11886.200     0.99723
 11886.400     0.99671
 11886.600     0.99821
 11886.800     0.99890
 11887.000     0.99859
 11887.200     0.99909
 11887.400     0.99959
 11887.600     0.99971
 11887.800     0.99982
 11888.000     0.99962
 11888.200     0.99847
 11888.400     0.99637
 11888.600     0.98956
 11888.800     0.97270
 11889.000     0.96593
 11889.200     0.98300
 11889.400     0.99595
 11889.600     0.99811
 11889.800     0.99693
 11890.000     0.98588
 11890.200     0.92616
 11890.400     0.83701
 11890.600     0.84773
 11890.800     0.93218
 11891.000     0.98214
 11891.200     0.99330
 11891.400     0.99438
 11891.600     0.99613
 11891.800     0.99687
 11892.000     0.99603
 11892.200     0.99396
 11892.400     0.98180
 11892.600     0.93673
 11892.800     0.87616
 11893.000     0.88158
 11893.200     0.93586
 11893.400     0.95089
 11893.600     0.94170
 11893.800     0.96871
 11894.000     0.99188
 11894.200     0.99444
 11894.400     0.99242
 11894.600     0.98697
 11894.800     0.96935
 11895.000     0.95704
 11895.200     0.96393
 11895.400     0.94063
 11895.600     0.87828
 11895.800     0.84615
 11896.000     0.88548
 11896.200     0.95044
 11896.400     0.98516
 11896.600     0.99443
 11896.800     0.99681
 11897.000     0.99764
 11897.200     0.99782
 11897.400     0.99788
 11897.600     0.99827
 11897.800     0.99839
 11898.000     0.99729
 11898.200     0.99624
 11898.400     0.99785
 11898.600     0.99932
 11898.800     0.99968
 11899.000     0.99973
 11899.200     0.99966
 11899.400     0.99946
 11899.600     0.99629
 11899.800     0.97928
 11900.000     0.95922
 11900.200     0.97110
 11900.400     0.99137
 11900.600     0.99864
 11900.800     0.99965
 11901.000     0.99958
 11901.200     0.99947
 11901.400     0.99954
 11901.600     0.99951
 11901.800     0.99961
 11902.000     0.99985
 11902.200     0.99991
 11902.400     0.99928
 11902.600     0.99635
 11902.800     0.99302
 11903.000     0.99490
 11903.200     0.99812
 11903.400     0.99814
 11903.600     0.99187
 11903.800     0.98433
 11904.000     0.98851
 11904.200     0.99139
 11904.400     0.96889
 11904.600     0.94323
 11904.800     0.96645
 11905.000     0.99295
 11905.200     0.99926
 11905.400     0.99984
 11905.600     0.99994
 11905.800     0.99995
 11906.000     0.99982
 11906.200     0.99965
 11906.400     0.99964
 11906.600     0.99975
 11906.800     0.99982
 11907.000     0.99966
 11907.200     0.99856
 11907.400     0.99716
 11907.600     0.99629
 11907.800     0.98831
 11908.000     0.96702
 11908.200     0.95752
 11908.400     0.97926
 11908.600     0.99580
 11908.800     0.99845
 11909.000     0.99924
 11909.200     0.99982
 11909.400     0.99996
 11909.600     0.99994
 11909.800     0.99986
 11910.000     0.99980
 11910.200     0.99948
 11910.400     0.99816
 11910.600     0.99623
 11910.800     0.99494
 11911.000     0.99496
 11911.200     0.99742
 11911.400     0.99861
 11911.600     0.99500
 11911.800     0.98758
 11912.000     0.98623
 11912.200     0.99352
 11912.400     0.99864
 11912.600     0.99975
 11912.800     0.99988
 11913.000     0.99984
 11913.200     0.99942
 11913.400     0.99817
 11913.600     0.99732
 11913.800     0.99785
 11914.000     0.99488
 11914.200     0.98826
 11914.400     0.98820
 11914.600     0.99512
 11914.800     0.99928
 11915.000     0.99996
 11915.200     0.99999
 11915.400     0.99994
 11915.600     0.99965
 11915.800     0.99819
 11916.000     0.99617
 11916.200     0.99682
 11916.400     0.99841
 11916.600     0.99719
 11916.800     0.99521
 11917.000     0.99728
 11917.200     0.99948
 11917.400     0.99996
 11917.600     0.99995
 11917.800     0.99981
 11918.000     0.99959
 11918.200     0.99954
 11918.400     0.99953
 11918.600     0.99867
 11918.800     0.99745
 11919.000     0.99720
 11919.200     0.99694
 11919.400     0.99725
 11919.600     0.99801
 11919.800     0.99764
 11920.000     0.99689
 11920.200     0.99665
 11920.400     0.99795
 11920.600     0.99800
 11920.800     0.99602
 11921.000     0.98988
 11921.200     0.97339
 11921.400     0.96440
 11921.600     0.98248
 11921.800     0.99719
 11922.000     0.99985
 11922.200     0.99988
 11922.400     0.99911
 11922.600     0.99756
 11922.800     0.99716
 11923.000     0.99852
 11923.200     0.99946
 11923.400     0.99965
 11923.600     0.99959
 11923.800     0.99946
 11924.000     0.99918
 11924.200     0.99779
 11924.400     0.99592
 11924.600     0.99644
 11924.800     0.99796
 11925.000     0.99897
 11925.200     0.99929
 11925.400     0.99941
 11925.600     0.99867
 11925.800     0.99069
 11926.000     0.96543
 11926.200     0.94363
 11926.400     0.96077
 11926.600     0.98694
 11926.800     0.99548
 11927.000     0.99454
 11927.200     0.99376
 11927.400     0.99454
 11927.600     0.99091
 11927.800     0.98563
 11928.000     0.99154
 11928.200     0.99801
 11928.400     0.99948
 11928.600     0.99963
 11928.800     0.99963
 11929.000     0.99870
 11929.200     0.99683
 11929.400     0.99660
 11929.600     0.99846
 11929.800     0.99938
 11930.000     0.99876
 11930.200     0.99808
 11930.400     0.99869
 11930.600     0.99960
 11930.800     0.99992
 11931.000     0.99988
 11931.200     0.99982
 11931.400     0.99988
 11931.600     0.99996
 11931.800     1.00000
 11932.000     1.00000
 11932.200     1.00000
 11932.400     1.00000
 11932.600     0.99999
 11932.800     0.99985
 11933.000     0.99924
 11933.200     0.99849
 11933.400     0.99801
 11933.600     0.99744
 11933.800     0.99826
 11934.000     0.99948
 11934.200     0.99982
 11934.400     0.99923
 11934.600     0.99811
 11934.800     0.99677
 11935.000     0.99548
 11935.200     0.99592
 11935.400     0.99628
 11935.600     0.99811
 11935.800     0.99965
 11936.000     0.99991
 11936.200     0.99965
 11936.400     0.99923
 11936.600     0.99736
 11936.800     0.98539
 11937.000     0.95943
 11937.200     0.94871
 11937.400     0.97137
 11937.600     0.99223
 11937.800     0.99845
 11938.000     0.99943
 11938.200     0.99966
 11938.400     0.99963
 11938.600     0.99941
 11938.800     0.99962
 11939.000     0.99988
 11939.200     0.99994
 11939.400     0.99994
 11939.600     0.99972
 11939.800     0.99931
 11940.000     0.99926
 11940.200     0.99943
 11940.400     0.99931
 11940.600     0.99924
 11940.800     0.99871
 11941.000     0.99295
 11941.200     0.97530
 11941.400     0.96405
 11941.600     0.98110
 11941.800     0.99482
 11942.000     0.99668
 11942.200     0.99552
 11942.400     0.99342
 11942.600     0.99545
 11942.800     0.99847
 11943.000     0.99824
 11943.200     0.99303
 11943.400     0.98839
 11943.600     0.99338
 11943.800     0.99819
 11944.000     0.99907
 11944.200     0.99892
 11944.400     0.99927
 11944.600     0.99969
 11944.800     0.99950
 11945.000     0.99902
 11945.200     0.99906
 11945.400     0.99908
 11945.600     0.99912
 11945.800     0.99958
 11946.000     0.99979
 11946.200     0.99925
 11946.400     0.99824
 11946.600     0.99780
 11946.800     0.99803
 11947.000     0.99885
 11947.200     0.99861
 11947.400     0.99391
 11947.600     0.98712
 11947.800     0.98888
 11948.000     0.99537
 11948.200     0.99845
 11948.400     0.99870
 11948.600     0.99813
 11948.800     0.99617
 11949.000     0.98958
 11949.200     0.96942
 11949.400     0.90362
 11949.600     0.79525
 11949.800     0.77964
 11950.000     0.88963
 11950.200     0.97073
 11950.400     0.99178
 11950.600     0.99629
 11950.800     0.99775
 11951.000     0.99795
 11951.200     0.99687
 11951.400     0.99595
 11951.600     0.99744
 11951.800     0.99787
 11952.000     0.99681
 11952.200     0.99755
 11952.400     0.99913
 11952.600     0.99985
 11952.800     0.99999
 11953.000     1.00000
 11953.200     0.99999
 11953.400     0.99984
 11953.600     0.99906
 11953.800     0.99799
 11954.000     0.99525
 11954.200     0.97877
 11954.400     0.96072
 11954.600     0.97600
 11954.800     0.99455
 11955.000     0.99924
 11955.200     0.99909
 11955.400     0.99717
 11955.600     0.98778
 11955.800     0.95730
 11956.000     0.93498
 11956.200     0.96371
 11956.400     0.98950
 11956.600     0.99589
 11956.800     0.99778
 11957.000     0.99878
 11957.200     0.99953
 11957.400     0.99969
 11957.600     0.99917
 11957.800     0.99811
 11958.000     0.99744
 11958.200     0.99733
 11958.400     0.99389
 11958.600     0.98803
 11958.800     0.98911
 11959.000     0.99062
 11959.200     0.97042
 11959.400     0.94752
 11959.600     0.96935
 11959.800     0.99339
 11960.000     0.99860
 11960.200     0.99903
 11960.400     0.99955
 11960.600     0.99979
 11960.800     0.99926
 11961.000     0.99850
 11961.200     0.99863
 11961.400     0.99834
 11961.600     0.99765
 11961.800     0.99870
 11962.000     0.99973
 11962.200     0.99972
 11962.400     0.99889
 11962.600     0.99770
 11962.800     0.99725
 11963.000     0.99641
 11963.200     0.99351
 11963.400     0.99265
 11963.600     0.99649
 11963.800     0.99919
 11964.000     0.99903
 11964.200     0.99796
 11964.400     0.99741
 11964.600     0.99670
 11964.800     0.99671
 11965.000     0.99781
 11965.200     0.99827
 11965.400     0.99829
 11965.600     0.99826
 11965.800     0.99891
 11966.000     0.99855
 11966.200     0.99579
 11966.400     0.99376
 11966.600     0.99588
 11966.800     0.99742
 11967.000     0.99753
 11967.200     0.99795
 11967.400     0.99887
 11967.600     0.99957
 11967.800     0.99951
 11968.000     0.99914
 11968.200     0.99933
 11968.400     0.99943
 11968.600     0.99879
 11968.800     0.99830
 11969.000     0.99875
 11969.200     0.99745
 11969.400     0.99516
 11969.600     0.99632
 11969.800     0.99625
 11970.000     0.98170
 11970.200     0.94650
 11970.400     0.92311
 11970.600     0.94274
 11970.800     0.97639
 11971.000     0.98826
 11971.200     0.98182
 11971.400     0.97484
 11971.600     0.98023
 11971.800     0.98370
 11972.000     0.97879
 11972.200     0.96701
 11972.400     0.93908
 11972.600     0.85377
 11972.800     0.67063
 11973.000     0.50151
 11973.200     0.55633
 11973.400     0.76303
 11973.600     0.87119
 11973.800     0.88313
 11974.000     0.92720
 11974.200     0.97048
 11974.400     0.98555
 11974.600     0.99011
 11974.800     0.98752
 11975.000     0.97142
 11975.200     0.95722
 11975.400     0.97149
 11975.600     0.98942
 11975.800     0.99692
 11976.000     0.99898
 11976.200     0.99914
 11976.400     0.99920
 11976.600     0.99936
 11976.800     0.99910
 11977.000     0.99871
 11977.200     0.99910
 11977.400     0.99922
 11977.600     0.99858
 11977.800     0.99796
 11978.000     0.99805
 11978.200     0.99801
 11978.400     0.99731
 11978.600     0.99765
 11978.800     0.99758
 11979.000     0.99737
 11979.200     0.99876
 11979.400     0.99981
 11979.600     0.99996
 11979.800     0.99992
 11980.000     0.99975
 11980.200     0.99891
 11980.400     0.99779
 11980.600     0.99801
 11980.800     0.99867
 11981.000     0.99906
 11981.200     0.99904
 11981.400     0.99696
 11981.600     0.98663
 11981.800     0.97307
 11982.000     0.97354
 11982.200     0.97640
 11982.400     0.97418
 11982.600     0.96869
 11982.800     0.95950
 11983.000     0.94569
 11983.200     0.92589
 11983.400     0.89437
 11983.600     0.83864
 11983.800     0.73478
 11984.000     0.59128
 11984.200     0.51753
 11984.400     0.59429
 11984.600     0.73717
 11984.800     0.83967
 11985.000     0.89533
 11985.200     0.92713
 11985.400     0.94668
 11985.600     0.96023
 11985.800     0.96932
 11986.000     0.97441
 11986.200     0.97677
 11986.400     0.97983
 11986.600     0.98533
 11986.800     0.98669
 11987.000     0.97953
 11987.200     0.97904
 11987.400     0.98924
 11987.600     0.99448
 11987.800     0.99217
 11988.000     0.97657
 11988.200     0.95965
 11988.400     0.97476
 11988.600     0.98860
 11988.800     0.98351
 11989.000     0.97744
 11989.200     0.97975
 11989.400     0.97271
 11989.600     0.96403
 11989.800     0.97394
 11990.000     0.97867
 11990.200     0.96149
 11990.400     0.94041
 11990.600     0.94167
 11990.800     0.92925
 11991.000     0.87769
 11991.200     0.76680
 11991.400     0.61249
 11991.600     0.55892
 11991.800     0.66896
 11992.000     0.81703
 11992.200     0.90502
 11992.400     0.94475
 11992.600     0.96436
 11992.800     0.97456
 11993.000     0.97520
 11993.200     0.95786
 11993.400     0.94374
 11993.600     0.96697
 11993.800     0.98732
 11994.000     0.99101
 11994.200     0.99320
 11994.400     0.99343
 11994.600     0.98083
 11994.800     0.96663
 11995.000     0.97640
 11995.200     0.99029
 11995.400     0.99555
 11995.600     0.99660
 11995.800     0.99817
 11996.000     0.99953
 11996.200     0.99986
 11996.400     0.99986
 11996.600     0.99962
 11996.800     0.99842
 11997.000     0.99664
 11997.200     0.99689
 11997.400     0.99832
 11997.600     0.99857
 11997.800     0.99789
 11998.000     0.99680
 11998.200     0.99640
 11998.400     0.99766
 11998.600     0.99919
 11998.800     0.99985
 11999.000     0.99993
 11999.200     0.99984
 11999.400     0.99979
 11999.600     0.99985
 11999.800     0.99992
 12000.000     0.99997
 12000.200     0.99999
 12000.400     0.99993
 12000.600     0.99908
 12000.800     0.99539
 12001.000     0.99210
 12001.200     0.99572
 12001.400     0.99911
 12001.600     0.99919
 12001.800     0.99829
 12002.000     0.99755
 12002.200     0.99605
 12002.400     0.99483
 12002.600     0.99600
 12002.800     0.99711
 12003.000     0.99820
 12003.200     0.99765
 12003.400     0.99558
 12003.600     0.99446
 12003.800     0.98992
 12004.000     0.96883
 12004.200     0.94936
 12004.400     0.97124
 12004.600     0.99231
 12004.800     0.99557
 12005.000     0.98171
 12005.200     0.91547
 12005.400     0.83180
 12005.600     0.86366
 12005.800     0.95041
 12006.000     0.98497
 12006.200     0.98479
 12006.400     0.99010
 12006.600     0.99700
 12006.800     0.99866
 12007.000     0.99744
 12007.200     0.99619
 12007.400     0.99686
 12007.600     0.99864
 12007.800     0.99966
 12008.000     0.99985
 12008.200     0.99959
 12008.400     0.99901
 12008.600     0.99891
 12008.800     0.99944
 12009.000     0.99967
 12009.200     0.99942
 12009.400     0.99666
 12009.600     0.98122
 12009.800     0.96412
 12010.000     0.97623
 12010.200     0.98786
 12010.400     0.97251
 12010.600     0.95515
 12010.800     0.97579
 12011.000     0.99578
 12011.200     0.99954
 12011.400     0.99919
 12011.600     0.99831
 12011.800     0.99833
 12012.000     0.99810
 12012.200     0.99672
 12012.400     0.99495
 12012.600     0.99274
 12012.800     0.99364
 12013.000     0.99655
 12013.200     0.99852
 12013.400     0.99917
 12013.600     0.99823
 12013.800     0.99522
 12014.000     0.99375
 12014.200     0.99681
 12014.400     0.99914
 12014.600     0.99941
 12014.800     0.99940
 12015.000     0.99970
 12015.200     0.99993
 12015.400     0.99994
 12015.600     0.99948
 12015.800     0.99802
 12016.000     0.99690
 12016.200     0.99678
 12016.400     0.99103
 12016.600     0.98468
 12016.800     0.99144
 12017.000     0.99816
 12017.200     0.99917
 12017.400     0.99827
 12017.600     0.99694
 12017.800     0.99681
 12018.000     0.99659
 12018.200     0.99645
 12018.400     0.99675
 12018.600     0.99851
 12018.800     0.99966
 12019.000     0.99930
 12019.200     0.99834
 12019.400     0.99797
 12019.600     0.99828
 12019.800     0.99876
 12020.000     0.99906
 12020.200     0.99874
 12020.400     0.99759
 12020.600     0.99681
 12020.800     0.99812
 12021.000     0.99944
 12021.200     0.99976
 12021.400     0.99909
 12021.600     0.99689
 12021.800     0.99486
 12022.000     0.99532
 12022.200     0.99544
 12022.400     0.98900
 12022.600     0.97321
 12022.800     0.96878
 12023.000     0.98473
 12023.200     0.99579
 12023.400     0.99495
 12023.600     0.98421
 12023.800     0.97527
 12024.000     0.98540
 12024.200     0.99583
 12024.400     0.99858
 12024.600     0.99911
 12024.800     0.99880
 12025.000     0.99594
 12025.200     0.99159
 12025.400     0.99219
 12025.600     0.99682
 12025.800     0.99945
 12026.000     0.99992
 12026.200     0.99992
 12026.400     0.99973
 12026.600     0.99927
 12026.800     0.99896
 12027.000     0.99863
 12027.200     0.99754
 12027.400     0.99640
 12027.600     0.99151
 12027.800     0.96789
 12028.000     0.94394
 12028.200     0.96528
 12028.400     0.99125
 12028.600     0.99817
 12028.800     0.99778
 12029.000     0.99192
 12029.200     0.98046
 12029.400     0.97137
 12029.600     0.96464
 12029.800     0.95657
 12030.000     0.94563
 12030.200     0.93035
 12030.400     0.90843
 12030.600     0.87618
 12030.800     0.82843
 12031.000     0.75643
 12031.200     0.64135
 12031.400     0.51818
 12031.600     0.51572
 12031.800     0.63746
 12032.000     0.75486
 12032.200     0.82775
 12032.400     0.87498
 12032.600     0.90704
 12032.800     0.92914
 12033.000     0.94424
 12033.200     0.95440
 12033.400     0.96206
 12033.600     0.96918
 12033.800     0.97526
 12034.000     0.98227
 12034.200     0.99135
 12034.400     0.99740
 12034.600     0.99929
 12034.800     0.99861
 12035.000     0.99546
 12035.200     0.99322
 12035.400     0.99575
 12035.600     0.99671
 12035.800     0.99420
 12036.000     0.99351
 12036.200     0.99556
 12036.400     0.99826
 12036.600     0.99967
 12036.800     0.99996
 12037.000     0.99992
 12037.200     0.99984
 12037.400     0.99985
 12037.600     0.99985
 12037.800     0.99964
 12038.000     0.99934
 12038.200     0.99893
 12038.400     0.99376
 12038.600     0.97168
 12038.800     0.95236
 12039.000     0.97364
 12039.200     0.99279
 12039.400     0.98179
 12039.600     0.92107
 12039.800     0.85959
 12040.000     0.90640
 12040.200     0.97305
 12040.400     0.99514
 12040.600     0.99741
 12040.800     0.99669
 12041.000     0.99759
 12041.200     0.99855
 12041.400     0.99699
 12041.600     0.98815
 12041.800     0.97914
 12042.000     0.98678
 12042.200     0.99510
 12042.400     0.99736
 12042.600     0.99861
 12042.800     0.99905
 12043.000     0.99833
 12043.200     0.99789
 12043.400     0.99852
 12043.600     0.99706
 12043.800     0.98961
 12044.000     0.97554
 12044.200     0.96940
 12044.400     0.98324
 12044.600     0.99272
 12044.800     0.98760
 12045.000     0.97431
 12045.200     0.96909
 12045.400     0.98391
 12045.600     0.99502
 12045.800     0.99656
 12046.000     0.99570
 12046.200     0.99722
 12046.400     0.99871
 12046.600     0.99871
 12046.800     0.99902
 12047.000     0.99964
 12047.200     0.99993
 12047.400     0.99997
 12047.600     0.99973
 12047.800     0.99849
 12048.000     0.99666
 12048.200     0.99667
 12048.400     0.99776
 12048.600     0.99819
 12048.800     0.99895
 12049.000     0.99940
 12049.200     0.99937
 12049.400     0.99955
 12049.600     1.00000
 12049.800     1.00000
 12050.000     1.00000
