the number of points per synthesis =   1001
start =  10480.000     stop =  10680.000     step =      0.200
 10480.000     1.00000
 10480.200     1.00000
 10480.400     1.00000
 10480.600     0.99920
 10480.800     0.99940
 10481.000     0.99921
 10481.200     0.99843
 10481.400     0.99800
 10481.600     0.99909
 10481.800     0.99981
 10482.000     0.99989
 10482.200     0.99986
 10482.400     0.99964
 10482.600     0.99932
 10482.800     0.99936
 10483.000     0.99951
 10483.200     0.99969
 10483.400     0.99874
 10483.600     0.99730
 10483.800     0.99859
 10484.000     0.99974
 10484.200     0.99997
 10484.400     1.00000
 10484.600     1.00000
 10484.800     0.99997
 10485.000     0.99993
 10485.200     0.99990
 10485.400     0.99989
 10485.600     0.99972
 10485.800     0.99414
 10486.000     0.94351
 10486.200     0.87318
 10486.400     0.92862
 10486.600     0.98323
 10486.800     0.99504
 10487.000     0.99552
 10487.200     0.99776
 10487.400     0.99954
 10487.600     0.99986
 10487.800     0.99987
 10488.000     0.99980
 10488.200     0.99922
 10488.400     0.99700
 10488.600     0.99517
 10488.800     0.99731
 10489.000     0.99893
 10489.200     0.99844
 10489.400     0.99745
 10489.600     0.99868
 10489.800     0.99866
 10490.000     0.99428
 10490.200     0.98959
 10490.400     0.99334
 10490.600     0.99504
 10490.800     0.99439
 10491.000     0.99297
 10491.200     0.99695
 10491.400     0.99964
 10491.600     0.99992
 10491.800     0.99980
 10492.000     0.99921
 10492.200     0.99711
 10492.400     0.99496
 10492.600     0.99642
 10492.800     0.99878
 10493.000     0.99860
 10493.200     0.99742
 10493.400     0.99880
 10493.600     0.99984
 10493.800     0.99995
 10494.000     0.99997
 10494.200     0.99995
 10494.400     0.99987
 10494.600     0.99976
 10494.800     0.99901
 10495.000     0.99806
 10495.200     0.99880
 10495.400     0.99934
 10495.600     0.99730
 10495.800     0.97416
 10496.000     0.91375
 10496.200     0.89319
 10496.400     0.95744
 10496.600     0.99422
 10496.800     0.99850
 10497.000     0.99453
 10497.200     0.98877
 10497.400     0.99479
 10497.600     0.99941
 10497.800     0.99996
 10498.000     0.99999
 10498.200     0.99995
 10498.400     0.99983
 10498.600     0.99971
 10498.800     0.99915
 10499.000     0.99824
 10499.200     0.99882
 10499.400     0.99958
 10499.600     0.99983
 10499.800     0.99965
 10500.000     0.99906
 10500.200     0.99892
 10500.400     0.99922
 10500.600     0.99949
 10500.800     0.99937
 10501.000     0.99752
 10501.200     0.98664
 10501.400     0.96854
 10501.600     0.97083
 10501.800     0.98833
 10502.000     0.99546
 10502.200     0.99760
 10502.400     0.99919
 10502.600     0.99911
 10502.800     0.99505
 10503.000     0.98917
 10503.200     0.99280
 10503.400     0.99778
 10503.600     0.99907
 10503.800     0.99934
 10504.000     0.99815
 10504.200     0.99657
 10504.400     0.99773
 10504.600     0.99829
 10504.800     0.99889
 10505.000     0.99655
 10505.200     0.99176
 10505.400     0.99230
 10505.600     0.98992
 10505.800     0.98358
 10506.000     0.98472
 10506.200     0.99137
 10506.400     0.99210
 10506.600     0.98888
 10506.800     0.99424
 10507.000     0.99807
 10507.200     0.99919
 10507.400     0.99972
 10507.600     0.99939
 10507.800     0.99842
 10508.000     0.99837
 10508.200     0.99923
 10508.400     0.99956
 10508.600     0.99963
 10508.800     0.99972
 10509.000     0.99970
 10509.200     0.99965
 10509.400     0.99926
 10509.600     0.99469
 10509.800     0.96768
 10510.000     0.93708
 10510.200     0.97048
 10510.400     0.99256
 10510.600     0.99118
 10510.800     0.99530
 10511.000     0.99890
 10511.200     0.99843
 10511.400     0.98962
 10511.600     0.97850
 10511.800     0.98912
 10512.000     0.99824
 10512.200     0.99940
 10512.400     0.99839
 10512.600     0.99753
 10512.800     0.99885
 10513.000     0.99945
 10513.200     0.99872
 10513.400     0.99789
 10513.600     0.99702
 10513.800     0.99604
 10514.000     0.99763
 10514.200     0.99759
 10514.400     0.99585
 10514.600     0.99799
 10514.800     0.99970
 10515.000     0.99994
 10515.200     0.99990
 10515.400     0.99982
 10515.600     0.99972
 10515.800     0.99917
 10516.000     0.99730
 10516.200     0.99568
 10516.400     0.99763
 10516.600     0.99909
 10516.800     0.99920
 10517.000     0.99758
 10517.200     0.98843
 10517.400     0.97025
 10517.600     0.96711
 10517.800     0.98644
 10518.000     0.99739
 10518.200     0.99861
 10518.400     0.99810
 10518.600     0.99455
 10518.800     0.98954
 10519.000     0.99380
 10519.200     0.99854
 10519.400     0.99972
 10519.600     0.99987
 10519.800     0.99985
 10520.000     0.99979
 10520.200     0.99975
 10520.400     0.99937
 10520.600     0.99890
 10520.800     0.99867
 10521.000     0.99758
 10521.200     0.99434
 10521.400     0.98828
 10521.600     0.98833
 10521.800     0.99341
 10522.000     0.99768
 10522.200     0.99886
 10522.400     0.99825
 10522.600     0.99717
 10522.800     0.99868
 10523.000     0.99960
 10523.200     0.99818
 10523.400     0.99627
 10523.600     0.99830
 10523.800     0.99981
 10524.000     0.99988
 10524.200     0.99966
 10524.400     0.99937
 10524.600     0.99946
 10524.800     0.99921
 10525.000     0.99563
 10525.200     0.98917
 10525.400     0.98971
 10525.600     0.99633
 10525.800     0.99942
 10526.000     0.99880
 10526.200     0.99731
 10526.400     0.99725
 10526.600     0.99614
 10526.800     0.99396
 10527.000     0.99070
 10527.200     0.99400
 10527.400     0.99842
 10527.600     0.99968
 10527.800     0.99934
 10528.000     0.99712
 10528.200     0.99488
 10528.400     0.99757
 10528.600     0.99960
 10528.800     0.99980
 10529.000     0.99926
 10529.200     0.99392
 10529.400     0.97846
 10529.600     0.97074
 10529.800     0.98781
 10530.000     0.99704
 10530.200     0.98423
 10530.400     0.94688
 10530.600     0.93215
 10530.800     0.97229
 10531.000     0.99662
 10531.200     0.99945
 10531.400     0.99922
 10531.600     0.99754
 10531.800     0.98557
 10532.000     0.89402
 10532.200     0.76677
 10532.400     0.86924
 10532.600     0.97528
 10532.800     0.99741
 10533.000     0.99936
 10533.200     0.99944
 10533.400     0.99864
 10533.600     0.99663
 10533.800     0.99375
 10534.000     0.99033
 10534.200     0.98822
 10534.400     0.99218
 10534.600     0.99756
 10534.800     0.99944
 10535.000     0.99939
 10535.200     0.99721
 10535.400     0.98009
 10535.600     0.94118
 10535.800     0.92944
 10536.000     0.96462
 10536.200     0.99191
 10536.400     0.99835
 10536.600     0.99894
 10536.800     0.99943
 10537.000     0.99979
 10537.200     0.99979
 10537.400     0.99963
 10537.600     0.99964
 10537.800     0.99944
 10538.000     0.99692
 10538.200     0.99384
 10538.400     0.99707
 10538.600     0.99944
 10538.800     0.99970
 10539.000     0.99980
 10539.200     0.99957
 10539.400     0.99823
 10539.600     0.99699
 10539.800     0.99852
 10540.000     0.99971
 10540.200     0.99989
 10540.400     0.99987
 10540.600     0.99965
 10540.800     0.99797
 10541.000     0.98948
 10541.200     0.97909
 10541.400     0.98666
 10541.600     0.99584
 10541.800     0.99442
 10542.000     0.98960
 10542.200     0.99521
 10542.400     0.99942
 10542.600     0.99969
 10542.800     0.99797
 10543.000     0.99535
 10543.200     0.99639
 10543.400     0.99462
 10543.600     0.99031
 10543.800     0.99554
 10544.000     0.99953
 10544.200     0.99996
 10544.400     0.99989
 10544.600     0.99954
 10544.800     0.99899
 10545.000     0.99913
 10545.200     0.99942
 10545.400     0.99950
 10545.600     0.99973
 10545.800     0.99991
 10546.000     0.99965
 10546.200     0.99727
 10546.400     0.99406
 10546.600     0.99679
 10546.800     0.99942
 10547.000     0.99994
 10547.200     0.99997
 10547.400     0.99986
 10547.600     0.99978
 10547.800     0.99988
 10548.000     0.99987
 10548.200     0.99978
 10548.400     0.99983
 10548.600     0.99994
 10548.800     0.99995
 10549.000     0.99987
 10549.200     0.99984
 10549.400     0.99950
 10549.600     0.99890
 10549.800     0.99858
 10550.000     0.99767
 10550.200     0.99781
 10550.400     0.99921
 10550.600     0.99968
 10550.800     0.99863
 10551.000     0.99740
 10551.200     0.99879
 10551.400     0.99964
 10551.600     0.99825
 10551.800     0.99645
 10552.000     0.99839
 10552.200     0.99984
 10552.400     0.99994
 10552.600     0.99905
 10552.800     0.99213
 10553.000     0.98329
 10553.200     0.99166
 10553.400     0.99882
 10553.600     0.99992
 10553.800     0.99997
 10554.000     0.99993
 10554.200     0.99990
 10554.400     0.99985
 10554.600     0.99941
 10554.800     0.99859
 10555.000     0.99854
 10555.200     0.99633
 10555.400     0.97191
 10555.600     0.93829
 10555.800     0.96750
 10556.000     0.99471
 10556.200     0.99947
 10556.400     0.99976
 10556.600     0.99950
 10556.800     0.99915
 10557.000     0.99938
 10557.200     0.99842
 10557.400     0.99432
 10557.600     0.99137
 10557.800     0.99467
 10558.000     0.99034
 10558.200     0.96873
 10558.400     0.95317
 10558.600     0.97437
 10558.800     0.98836
 10559.000     0.99386
 10559.200     0.99754
 10559.400     0.99834
 10559.600     0.99921
 10559.800     0.99980
 10560.000     0.99984
 10560.200     0.99930
 10560.400     0.99805
 10560.600     0.99686
 10560.800     0.99605
 10561.000     0.99760
 10561.200     0.99912
 10561.400     0.99917
 10561.600     0.99925
 10561.800     0.99960
 10562.000     0.99980
 10562.200     0.99981
 10562.400     0.99950
 10562.600     0.99934
 10562.800     0.99971
 10563.000     0.99985
 10563.200     0.99969
 10563.400     0.99907
 10563.600     0.99803
 10563.800     0.99833
 10564.000     0.99943
 10564.200     0.99983
 10564.400     0.99984
 10564.600     0.99904
 10564.800     0.99370
 10565.000     0.98720
 10565.200     0.99067
 10565.400     0.99160
 10565.600     0.99523
 10565.800     0.99270
 10566.000     0.98643
 10566.200     0.99308
 10566.400     0.99878
 10566.600     0.99975
 10566.800     0.99982
 10567.000     0.99977
 10567.200     0.99956
 10567.400     0.99730
 10567.600     0.99402
 10567.800     0.99590
 10568.000     0.99602
 10568.200     0.99489
 10568.400     0.99754
 10568.600     0.99699
 10568.800     0.99393
 10569.000     0.99687
 10569.200     0.99912
 10569.400     0.99684
 10569.600     0.99280
 10569.800     0.99313
 10570.000     0.99151
 10570.200     0.99334
 10570.400     0.99735
 10570.600     0.99867
 10570.800     0.99931
 10571.000     0.99844
 10571.200     0.99538
 10571.400     0.99463
 10571.600     0.99774
 10571.800     0.99871
 10572.000     0.99346
 10572.200     0.98517
 10572.400     0.98870
 10572.600     0.99546
 10572.800     0.99775
 10573.000     0.99880
 10573.200     0.99935
 10573.400     0.99957
 10573.600     0.99928
 10573.800     0.99729
 10574.000     0.99449
 10574.200     0.99554
 10574.400     0.99839
 10574.600     0.99930
 10574.800     0.99687
 10575.000     0.99350
 10575.200     0.99666
 10575.400     0.99919
 10575.600     0.99935
 10575.800     0.99954
 10576.000     0.99947
 10576.200     0.99943
 10576.400     0.99965
 10576.600     0.99921
 10576.800     0.99203
 10577.000     0.95611
 10577.200     0.92116
 10577.400     0.96486
 10577.600     0.99592
 10577.800     0.99944
 10578.000     0.99975
 10578.200     0.99955
 10578.400     0.99910
 10578.600     0.99944
 10578.800     0.99972
 10579.000     0.99917
 10579.200     0.99521
 10579.400     0.99093
 10579.600     0.99577
 10579.800     0.99907
 10580.000     0.99828
 10580.200     0.99706
 10580.400     0.99826
 10580.600     0.99839
 10580.800     0.99768
 10581.000     0.99839
 10581.200     0.99487
 10581.400     0.97114
 10581.600     0.94454
 10581.800     0.96478
 10582.000     0.94847
 10582.200     0.91486
 10582.400     0.95999
 10582.600     0.99279
 10582.800     0.99495
 10583.000     0.99328
 10583.200     0.99031
 10583.400     0.98621
 10583.600     0.98350
 10583.800     0.96612
 10584.000     0.94088
 10584.200     0.94444
 10584.400     0.89698
 10584.600     0.79692
 10584.800     0.73132
 10585.000     0.59044
 10585.200     0.55846
 10585.400     0.72408
 10585.600     0.86894
 10585.800     0.93220
 10586.000     0.95985
 10586.200     0.97394
 10586.400     0.98172
 10586.600     0.98618
 10586.800     0.98886
 10587.000     0.99131
 10587.200     0.99320
 10587.400     0.99449
 10587.600     0.99625
 10587.800     0.99880
 10588.000     0.99989
 10588.200     1.00000
 10588.400     1.00000
 10588.600     1.00000
 10588.800     1.00000
 10589.000     1.00000
 10589.200     0.99994
 10589.400     0.99939
 10589.600     0.99848
 10589.800     0.99877
 10590.000     0.99931
 10590.200     0.99958
 10590.400     0.99876
 10590.600     0.99764
 10590.800     0.99893
 10591.000     0.99982
 10591.200     0.99980
 10591.400     0.99983
 10591.600     0.99995
 10591.800     0.99999
 10592.000     0.99992
 10592.200     0.99974
 10592.400     0.99967
 10592.600     0.99956
 10592.800     0.99687
 10593.000     0.99323
 10593.200     0.99650
 10593.400     0.99780
 10593.600     0.99598
 10593.800     0.99699
 10594.000     0.99898
 10594.200     0.99959
 10594.400     0.99979
 10594.600     0.99978
 10594.800     0.99958
 10595.000     0.99977
 10595.200     0.99996
 10595.400     1.00000
 10595.600     1.00000
 10595.800     1.00000
 10596.000     0.99995
 10596.200     0.99984
 10596.400     0.99951
 10596.600     0.99655
 10596.800     0.99013
 10597.000     0.98961
 10597.200     0.99591
 10597.400     0.99846
 10597.600     0.99493
 10597.800     0.99058
 10598.000     0.99513
 10598.200     0.99901
 10598.400     0.99967
 10598.600     0.99985
 10598.800     0.99994
 10599.000     0.99992
 10599.200     0.99988
 10599.400     0.99988
 10599.600     0.99995
 10599.800     1.00000
 10600.000     1.00000
 10600.200     0.99997
 10600.400     0.99982
 10600.600     0.99955
 10600.800     0.99889
 10601.000     0.99710
 10601.200     0.99510
 10601.400     0.99410
 10601.600     0.99171
 10601.800     0.98709
 10602.000     0.98613
 10602.200     0.98647
 10602.400     0.97400
 10602.600     0.90291
 10602.800     0.80547
 10603.000     0.81432
 10603.200     0.72622
 10603.400     0.59208
 10603.600     0.67072
 10603.800     0.84956
 10604.000     0.94078
 10604.200     0.97112
 10604.400     0.98352
 10604.600     0.98898
 10604.800     0.99174
 10605.000     0.99136
 10605.200     0.98989
 10605.400     0.99377
 10605.600     0.99669
 10605.800     0.99781
 10606.000     0.99916
 10606.200     0.99987
 10606.400     0.99999
 10606.600     1.00000
 10606.800     1.00000
 10607.000     1.00000
 10607.200     0.99980
 10607.400     0.99756
 10607.600     0.99067
 10607.800     0.98694
 10608.000     0.99466
 10608.200     0.99947
 10608.400     0.99993
 10608.600     0.99948
 10608.800     0.99770
 10609.000     0.99572
 10609.200     0.99374
 10609.400     0.98975
 10609.600     0.99151
 10609.800     0.99119
 10610.000     0.99581
 10610.200     0.99926
 10610.400     0.99952
 10610.600     0.99914
 10610.800     0.99891
 10611.000     0.99765
 10611.200     0.99082
 10611.400     0.95584
 10611.600     0.90374
 10611.800     0.92189
 10612.000     0.97467
 10612.200     0.99630
 10612.400     0.99884
 10612.600     0.99938
 10612.800     0.99969
 10613.000     0.99963
 10613.200     0.99945
 10613.400     0.99960
 10613.600     0.99971
 10613.800     0.99981
 10614.000     0.99973
 10614.200     0.99955
 10614.400     0.99977
 10614.600     0.99996
 10614.800     1.00000
 10615.000     1.00000
 10615.200     0.99998
 10615.400     0.99995
 10615.600     0.99995
 10615.800     0.99992
 10616.000     0.99988
 10616.200     0.99891
 10616.400     0.98815
 10616.600     0.95402
 10616.800     0.93404
 10617.000     0.97193
 10617.200     0.99266
 10617.400     0.98889
 10617.600     0.97584
 10617.800     0.95273
 10618.000     0.96633
 10618.200     0.99038
 10618.400     0.99841
 10618.600     0.99921
 10618.800     0.99945
 10619.000     0.99970
 10619.200     0.99973
 10619.400     0.99976
 10619.600     0.99972
 10619.800     0.99963
 10620.000     0.99845
 10620.200     0.99671
 10620.400     0.99794
 10620.600     0.99877
 10620.800     0.99810
 10621.000     0.99832
 10621.200     0.99853
 10621.400     0.99776
 10621.600     0.99689
 10621.800     0.99671
 10622.000     0.99773
 10622.200     0.99683
 10622.400     0.98293
 10622.600     0.96543
 10622.800     0.98329
 10623.000     0.99728
 10623.200     0.99926
 10623.400     0.99963
 10623.600     0.99969
 10623.800     0.99881
 10624.000     0.99745
 10624.200     0.99850
 10624.400     0.99964
 10624.600     0.99991
 10624.800     0.99997
 10625.000     0.99997
 10625.200     0.99992
 10625.400     0.99987
 10625.600     0.99973
 10625.800     0.99960
 10626.000     0.99968
 10626.200     0.99953
 10626.400     0.99902
 10626.600     0.99804
 10626.800     0.99672
 10627.000     0.99724
 10627.200     0.98895
 10627.400     0.91974
 10627.600     0.81574
 10627.800     0.87150
 10628.000     0.96494
 10628.200     0.99541
 10628.400     0.99898
 10628.600     0.99940
 10628.800     0.99927
 10629.000     0.99891
 10629.200     0.99923
 10629.400     0.99962
 10629.600     0.99974
 10629.800     0.99975
 10630.000     0.99980
 10630.200     0.99985
 10630.400     0.99982
 10630.600     0.99974
 10630.800     0.99952
 10631.000     0.99908
 10631.200     0.99788
 10631.400     0.99577
 10631.600     0.99578
 10631.800     0.99760
 10632.000     0.99471
 10632.200     0.98765
 10632.400     0.98965
 10632.600     0.99435
 10632.800     0.98182
 10633.000     0.95632
 10633.200     0.96393
 10633.400     0.98797
 10633.600     0.99819
 10633.800     0.99966
 10634.000     0.99982
 10634.200     0.99987
 10634.400     0.99987
 10634.600     0.99963
 10634.800     0.99931
 10635.000     0.99965
 10635.200     0.99995
 10635.400     0.99999
 10635.600     0.99996
 10635.800     0.99973
 10636.000     0.99874
 10636.200     0.99717
 10636.400     0.99599
 10636.600     0.99480
 10636.800     0.99609
 10637.000     0.99818
 10637.200     0.99917
 10637.400     0.99910
 10637.600     0.99869
 10637.800     0.99893
 10638.000     0.99596
 10638.200     0.99153
 10638.400     0.99562
 10638.600     0.99750
 10638.800     0.99519
 10639.000     0.99643
 10639.200     0.99889
 10639.400     0.99947
 10639.600     0.99877
 10639.800     0.99846
 10640.000     0.99914
 10640.200     0.99931
 10640.400     0.99910
 10640.600     0.99843
 10640.800     0.99836
 10641.000     0.99895
 10641.200     0.99952
 10641.400     0.99885
 10641.600     0.99382
 10641.800     0.98813
 10642.000     0.99323
 10642.200     0.99747
 10642.400     0.99455
 10642.600     0.98885
 10642.800     0.99381
 10643.000     0.99866
 10643.200     0.99944
 10643.400     0.99974
 10643.600     0.99993
 10643.800     0.99986
 10644.000     0.99978
 10644.200     0.99991
 10644.400     0.99999
 10644.600     0.99998
 10644.800     0.99995
 10645.000     0.99998
 10645.200     0.99995
 10645.400     0.99945
 10645.600     0.99858
 10645.800     0.99885
 10646.000     0.99901
 10646.200     0.99445
 10646.400     0.98837
 10646.600     0.99422
 10646.800     0.99915
 10647.000     0.99974
 10647.200     0.99699
 10647.400     0.97656
 10647.600     0.95141
 10647.800     0.97571
 10648.000     0.99264
 10648.200     0.99069
 10648.400     0.99367
 10648.600     0.99372
 10648.800     0.99298
 10649.000     0.99530
 10649.200     0.99095
 10649.400     0.98469
 10649.600     0.99298
 10649.800     0.99902
 10650.000     0.99909
 10650.200     0.99671
 10650.400     0.99507
 10650.600     0.99770
 10650.800     0.99930
 10651.000     0.99956
 10651.200     0.99979
 10651.400     0.99978
 10651.600     0.99873
 10651.800     0.99729
 10652.000     0.99818
 10652.200     0.99861
 10652.400     0.99899
 10652.600     0.99897
 10652.800     0.99910
 10653.000     0.99903
 10653.200     0.99912
 10653.400     0.99965
 10653.600     0.99995
 10653.800     0.99997
 10654.000     0.99969
 10654.200     0.99919
 10654.400     0.99910
 10654.600     0.99875
 10654.800     0.99834
 10655.000     0.99803
 10655.200     0.99724
 10655.400     0.99768
 10655.600     0.99728
 10655.800     0.99819
 10656.000     0.99592
 10656.200     0.99159
 10656.400     0.99584
 10656.600     0.99928
 10656.800     0.99943
 10657.000     0.99926
 10657.200     0.99946
 10657.400     0.99943
 10657.600     0.99975
 10657.800     0.99998
 10658.000     0.99999
 10658.200     0.99981
 10658.400     0.99872
 10658.600     0.99682
 10658.800     0.99591
 10659.000     0.99478
 10659.200     0.99372
 10659.400     0.99293
 10659.600     0.99112
 10659.800     0.98746
 10660.000     0.97847
 10660.200     0.96278
 10660.400     0.93705
 10660.600     0.84295
 10660.800     0.66037
 10661.000     0.58508
 10661.200     0.72644
 10661.400     0.83715
 10661.600     0.84362
 10661.800     0.91708
 10662.000     0.97451
 10662.200     0.98782
 10662.400     0.99155
 10662.600     0.99368
 10662.800     0.99485
 10663.000     0.99388
 10663.200     0.99142
 10663.400     0.99341
 10663.600     0.99731
 10663.800     0.99933
 10664.000     0.99988
 10664.200     0.99986
 10664.400     0.99970
 10664.600     0.99982
 10664.800     0.99978
 10665.000     0.99963
 10665.200     0.99983
 10665.400     0.99991
 10665.600     0.99942
 10665.800     0.99876
 10666.000     0.99929
 10666.200     0.99946
 10666.400     0.99650
 10666.600     0.98893
 10666.800     0.98635
 10667.000     0.99230
 10667.200     0.97839
 10667.400     0.94406
 10667.600     0.94884
 10667.800     0.98294
 10668.000     0.99806
 10668.200     0.99948
 10668.400     0.99831
 10668.600     0.98927
 10668.800     0.97847
 10669.000     0.98985
 10669.200     0.99869
 10669.400     0.99982
 10669.600     0.99990
 10669.800     0.99990
 10670.000     0.99990
 10670.200     0.99990
 10670.400     0.99985
 10670.600     0.99888
 10670.800     0.99094
 10671.000     0.98059
 10671.200     0.98957
 10671.400     0.99672
 10671.600     0.99804
 10671.800     0.99090
 10672.000     0.96088
 10672.200     0.93695
 10672.400     0.97287
 10672.600     0.99719
 10672.800     0.99979
 10673.000     0.99982
 10673.200     0.99974
 10673.400     0.99924
 10673.600     0.99646
 10673.800     0.97960
 10674.000     0.95507
 10674.200     0.96910
 10674.400     0.98868
 10674.600     0.99567
 10674.800     0.99860
 10675.000     0.99963
 10675.200     0.99967
 10675.400     0.99917
 10675.600     0.99795
 10675.800     0.99740
 10676.000     0.99836
 10676.200     0.99938
 10676.400     0.99977
 10676.600     0.99851
 10676.800     0.98582
 10677.000     0.96868
 10677.200     0.98406
 10677.400     0.99770
 10677.600     0.99986
 10677.800     0.99997
 10678.000     0.99990
 10678.200     0.99988
 10678.400     0.99995
 10678.600     1.00000
 10678.800     1.00000
 10679.000     0.99994
 10679.200     0.99972
 10679.400     0.99955
 10679.600     1.00000
 10679.800     1.00000
 10680.000     1.00000
