the number of points per synthesis =   1201
start =  11560.000     stop =  11800.000     step =      0.200
 11560.000     1.00000
 11560.200     1.00000
 11560.400     1.00000
 11560.600     0.99715
 11560.800     0.99496
 11561.000     0.99727
 11561.200     0.99951
 11561.400     0.99995
 11561.600     0.99999
 11561.800     0.99995
 11562.000     0.99988
 11562.200     0.99981
 11562.400     0.99957
 11562.600     0.99936
 11562.800     0.99966
 11563.000     0.99991
 11563.200     0.99997
 11563.400     0.99997
 11563.600     0.99995
 11563.800     0.99998
 11564.000     0.99999
 11564.200     0.99990
 11564.400     0.99922
 11564.600     0.99766
 11564.800     0.99635
 11565.000     0.99168
 11565.200     0.96078
 11565.400     0.92066
 11565.600     0.93330
 11565.800     0.95514
 11566.000     0.97855
 11566.200     0.99403
 11566.400     0.99744
 11566.600     0.99850
 11566.800     0.99906
 11567.000     0.99942
 11567.200     0.99958
 11567.400     0.99934
 11567.600     0.99793
 11567.800     0.99616
 11568.000     0.99535
 11568.200     0.99041
 11568.400     0.98677
 11568.600     0.99343
 11568.800     0.99877
 11569.000     0.99948
 11569.200     0.99912
 11569.400     0.99890
 11569.600     0.99885
 11569.800     0.99886
 11570.000     0.99909
 11570.200     0.99925
 11570.400     0.99937
 11570.600     0.99935
 11570.800     0.99935
 11571.000     0.99867
 11571.200     0.99599
 11571.400     0.99370
 11571.600     0.99483
 11571.800     0.99163
 11572.000     0.98094
 11572.200     0.94846
 11572.400     0.87727
 11572.600     0.85695
 11572.800     0.93269
 11573.000     0.98675
 11573.200     0.99707
 11573.400     0.99806
 11573.600     0.99880
 11573.800     0.99938
 11574.000     0.99956
 11574.200     0.99950
 11574.400     0.99859
 11574.600     0.99546
 11574.800     0.98641
 11575.000     0.96434
 11575.200     0.95083
 11575.400     0.97308
 11575.600     0.98706
 11575.800     0.98755
 11576.000     0.99227
 11576.200     0.99771
 11576.400     0.99971
 11576.600     0.99991
 11576.800     0.99971
 11577.000     0.99951
 11577.200     0.99961
 11577.400     0.99929
 11577.600     0.99205
 11577.800     0.95452
 11578.000     0.91722
 11578.200     0.95482
 11578.400     0.99155
 11578.600     0.99862
 11578.800     0.99960
 11579.000     0.99985
 11579.200     0.99980
 11579.400     0.99970
 11579.600     0.99956
 11579.800     0.99861
 11580.000     0.99231
 11580.200     0.98027
 11580.400     0.97907
 11580.600     0.99100
 11580.800     0.99800
 11581.000     0.99911
 11581.200     0.99958
 11581.400     0.99937
 11581.600     0.99652
 11581.800     0.98665
 11582.000     0.97867
 11582.200     0.98881
 11582.400     0.99798
 11582.600     0.99949
 11582.800     0.99935
 11583.000     0.99945
 11583.200     0.99970
 11583.400     0.99979
 11583.600     0.99982
 11583.800     0.99982
 11584.000     0.99976
 11584.200     0.99943
 11584.400     0.99745
 11584.600     0.99115
 11584.800     0.98315
 11585.000     0.97122
 11585.200     0.95357
 11585.400     0.94492
 11585.600     0.93989
 11585.800     0.97065
 11586.000     0.99533
 11586.200     0.99946
 11586.400     0.99933
 11586.600     0.99900
 11586.800     0.99909
 11587.000     0.99909
 11587.200     0.99901
 11587.400     0.99925
 11587.600     0.99924
 11587.800     0.99890
 11588.000     0.99854
 11588.200     0.99484
 11588.400     0.97118
 11588.600     0.93708
 11588.800     0.94784
 11589.000     0.98163
 11589.200     0.99659
 11589.400     0.99590
 11589.600     0.98170
 11589.800     0.95232
 11590.000     0.92755
 11590.200     0.91980
 11590.400     0.93412
 11590.600     0.96708
 11590.800     0.98168
 11591.000     0.97014
 11591.200     0.89502
 11591.400     0.78881
 11591.600     0.81829
 11591.800     0.91815
 11592.000     0.91457
 11592.200     0.83186
 11592.400     0.84031
 11592.600     0.92717
 11592.800     0.95960
 11593.000     0.93847
 11593.200     0.88563
 11593.400     0.74408
 11593.600     0.65648
 11593.800     0.79490
 11594.000     0.94053
 11594.200     0.97706
 11594.400     0.94895
 11594.600     0.92311
 11594.800     0.96059
 11595.000     0.99259
 11595.200     0.99819
 11595.400     0.99857
 11595.600     0.99734
 11595.800     0.99618
 11596.000     0.99791
 11596.200     0.99947
 11596.400     0.99926
 11596.600     0.99579
 11596.800     0.99006
 11597.000     0.99053
 11597.200     0.99611
 11597.400     0.99911
 11597.600     0.99974
 11597.800     0.99991
 11598.000     0.99996
 11598.200     0.99994
 11598.400     0.99985
 11598.600     0.99980
 11598.800     0.99976
 11599.000     0.99964
 11599.200     0.99958
 11599.400     0.99973
 11599.600     0.99966
 11599.800     0.99854
 11600.000     0.99447
 11600.200     0.98487
 11600.400     0.96213
 11600.600     0.94497
 11600.800     0.97168
 11601.000     0.99423
 11601.200     0.99784
 11601.400     0.99587
 11601.600     0.98889
 11601.800     0.98347
 11602.000     0.99084
 11602.200     0.99770
 11602.400     0.99898
 11602.600     0.99617
 11602.800     0.98972
 11603.000     0.98762
 11603.200     0.98621
 11603.400     0.95293
 11603.600     0.91752
 11603.800     0.95544
 11604.000     0.99161
 11604.200     0.99833
 11604.400     0.99946
 11604.600     0.99993
 11604.800     0.99996
 11605.000     0.99974
 11605.200     0.99922
 11605.400     0.99860
 11605.600     0.99807
 11605.800     0.99793
 11606.000     0.99722
 11606.200     0.99242
 11606.400     0.97917
 11606.600     0.96993
 11606.800     0.97764
 11607.000     0.96446
 11607.200     0.85587
 11607.400     0.64663
 11607.600     0.57949
 11607.800     0.75525
 11608.000     0.91801
 11608.200     0.96507
 11608.400     0.97113
 11608.600     0.98278
 11608.800     0.98962
 11609.000     0.99065
 11609.200     0.99036
 11609.400     0.97797
 11609.600     0.93196
 11609.800     0.89253
 11610.000     0.92895
 11610.200     0.92876
 11610.400     0.82480
 11610.600     0.73986
 11610.800     0.75134
 11611.000     0.71201
 11611.200     0.75703
 11611.400     0.89028
 11611.600     0.94303
 11611.800     0.93295
 11612.000     0.95800
 11612.200     0.98732
 11612.400     0.99625
 11612.600     0.99739
 11612.800     0.99411
 11613.000     0.98703
 11613.200     0.98588
 11613.400     0.99364
 11613.600     0.99873
 11613.800     0.99950
 11614.000     0.99921
 11614.200     0.99765
 11614.400     0.99572
 11614.600     0.99646
 11614.800     0.99821
 11615.000     0.99776
 11615.200     0.99524
 11615.400     0.98568
 11615.600     0.95134
 11615.800     0.92490
 11616.000     0.96214
 11616.200     0.99419
 11616.400     0.99955
 11616.600     0.99828
 11616.800     0.98948
 11617.000     0.97987
 11617.200     0.98454
 11617.400     0.98066
 11617.600     0.97425
 11617.800     0.98577
 11618.000     0.99457
 11618.200     0.99715
 11618.400     0.99864
 11618.600     0.99832
 11618.800     0.99225
 11619.000     0.96602
 11619.200     0.92787
 11619.400     0.93158
 11619.600     0.97058
 11619.800     0.99355
 11620.000     0.99780
 11620.200     0.99458
 11620.400     0.97780
 11620.600     0.96238
 11620.800     0.97992
 11621.000     0.99581
 11621.200     0.99859
 11621.400     0.99917
 11621.600     0.99962
 11621.800     0.99970
 11622.000     0.99914
 11622.200     0.99778
 11622.400     0.99684
 11622.600     0.99734
 11622.800     0.99790
 11623.000     0.99880
 11623.200     0.99963
 11623.400     0.99989
 11623.600     0.99975
 11623.800     0.99956
 11624.000     0.99963
 11624.200     0.99955
 11624.400     0.99927
 11624.600     0.99898
 11624.800     0.99798
 11625.000     0.99703
 11625.200     0.99790
 11625.400     0.99931
 11625.600     0.99984
 11625.800     0.99937
 11626.000     0.99693
 11626.200     0.98994
 11626.400     0.96603
 11626.600     0.94302
 11626.800     0.96957
 11627.000     0.99349
 11627.200     0.99075
 11627.400     0.97426
 11627.600     0.96711
 11627.800     0.98338
 11628.000     0.99320
 11628.200     0.98803
 11628.400     0.97114
 11628.600     0.93032
 11628.800     0.89200
 11629.000     0.91819
 11629.200     0.96880
 11629.400     0.98474
 11629.600     0.95354
 11629.800     0.91975
 11630.000     0.95474
 11630.200     0.99019
 11630.400     0.99572
 11630.600     0.98163
 11630.800     0.94670
 11631.000     0.93366
 11631.200     0.96918
 11631.400     0.99481
 11631.600     0.99926
 11631.800     0.99947
 11632.000     0.99897
 11632.200     0.99819
 11632.400     0.99786
 11632.600     0.99833
 11632.800     0.99856
 11633.000     0.99642
 11633.200     0.98348
 11633.400     0.97084
 11633.600     0.98440
 11633.800     0.99675
 11634.000     0.99841
 11634.200     0.99896
 11634.400     0.99897
 11634.600     0.99849
 11634.800     0.99905
 11635.000     0.99905
 11635.200     0.99843
 11635.400     0.99906
 11635.600     0.99967
 11635.800     0.99959
 11636.000     0.99939
 11636.200     0.99922
 11636.400     0.99904
 11636.600     0.99878
 11636.800     0.99840
 11637.000     0.99782
 11637.200     0.99682
 11637.400     0.99477
 11637.600     0.98841
 11637.800     0.95430
 11638.000     0.81191
 11638.200     0.60437
 11638.400     0.61295
 11638.600     0.80286
 11638.800     0.93986
 11639.000     0.98519
 11639.200     0.99486
 11639.400     0.99680
 11639.600     0.99720
 11639.800     0.99523
 11640.000     0.98616
 11640.200     0.97744
 11640.400     0.97844
 11640.600     0.94007
 11640.800     0.84255
 11641.000     0.81018
 11641.200     0.90651
 11641.400     0.97131
 11641.600     0.94718
 11641.800     0.91038
 11642.000     0.95009
 11642.200     0.99016
 11642.400     0.99865
 11642.600     0.99951
 11642.800     0.99963
 11643.000     0.99937
 11643.200     0.99839
 11643.400     0.99776
 11643.600     0.99883
 11643.800     0.99888
 11644.000     0.99317
 11644.200     0.98170
 11644.400     0.97984
 11644.600     0.99130
 11644.800     0.99868
 11645.000     0.99990
 11645.200     0.99980
 11645.400     0.99867
 11645.600     0.99736
 11645.800     0.99837
 11646.000     0.99961
 11646.200     0.99987
 11646.400     0.99970
 11646.600     0.99883
 11646.800     0.99547
 11647.000     0.99222
 11647.200     0.99544
 11647.400     0.99751
 11647.600     0.99082
 11647.800     0.97146
 11648.000     0.95826
 11648.200     0.97311
 11648.400     0.98827
 11648.600     0.98955
 11648.800     0.98566
 11649.000     0.98309
 11649.200     0.98725
 11649.400     0.99310
 11649.600     0.99481
 11649.800     0.99512
 11650.000     0.99696
 11650.200     0.99649
 11650.400     0.99417
 11650.600     0.99496
 11650.800     0.99726
 11651.000     0.99865
 11651.200     0.99927
 11651.400     0.99940
 11651.600     0.99944
 11651.800     0.99922
 11652.000     0.99889
 11652.200     0.99837
 11652.400     0.99292
 11652.600     0.97096
 11652.800     0.94050
 11653.000     0.92584
 11653.200     0.92847
 11653.400     0.96589
 11653.600     0.99335
 11653.800     0.99885
 11654.000     0.99922
 11654.200     0.99902
 11654.400     0.99839
 11654.600     0.99725
 11654.800     0.99478
 11655.000     0.98677
 11655.200     0.97913
 11655.400     0.98526
 11655.600     0.99369
 11655.800     0.99685
 11656.000     0.99727
 11656.200     0.99037
 11656.400     0.95642
 11656.600     0.92545
 11656.800     0.96036
 11657.000     0.99198
 11657.200     0.99676
 11657.400     0.99733
 11657.600     0.99792
 11657.800     0.99788
 11658.000     0.99708
 11658.200     0.99469
 11658.400     0.98110
 11658.600     0.94177
 11658.800     0.90655
 11659.000     0.92801
 11659.200     0.95639
 11659.400     0.92585
 11659.600     0.86520
 11659.800     0.87361
 11660.000     0.94094
 11660.200     0.98370
 11660.400     0.99314
 11660.600     0.98494
 11660.800     0.97360
 11661.000     0.98320
 11661.200     0.99462
 11661.400     0.99660
 11661.600     0.99668
 11661.800     0.99774
 11662.000     0.99781
 11662.200     0.99288
 11662.400     0.96704
 11662.600     0.93205
 11662.800     0.94442
 11663.000     0.97819
 11663.200     0.99441
 11663.400     0.99845
 11663.600     0.99949
 11663.800     0.99972
 11664.000     0.99963
 11664.200     0.99892
 11664.400     0.99796
 11664.600     0.99843
 11664.800     0.99944
 11665.000     0.99979
 11665.200     0.99972
 11665.400     0.99947
 11665.600     0.99678
 11665.800     0.98018
 11666.000     0.95359
 11666.200     0.94897
 11666.400     0.96194
 11666.600     0.98373
 11666.800     0.99622
 11667.000     0.99781
 11667.200     0.99584
 11667.400     0.99169
 11667.600     0.98760
 11667.800     0.99187
 11668.000     0.99275
 11668.200     0.97003
 11668.400     0.93686
 11668.600     0.94738
 11668.800     0.97528
 11669.000     0.98674
 11669.200     0.96985
 11669.400     0.90485
 11669.600     0.84225
 11669.800     0.88227
 11670.000     0.95621
 11670.200     0.98822
 11670.400     0.99250
 11670.600     0.99195
 11670.800     0.99526
 11671.000     0.99821
 11671.200     0.99816
 11671.400     0.99247
 11671.600     0.98187
 11671.800     0.98112
 11672.000     0.99209
 11672.200     0.99868
 11672.400     0.99937
 11672.600     0.99910
 11672.800     0.99944
 11673.000     0.99971
 11673.200     0.99961
 11673.400     0.99900
 11673.600     0.99538
 11673.800     0.98034
 11674.000     0.95316
 11674.200     0.94558
 11674.400     0.97241
 11674.600     0.99342
 11674.800     0.99777
 11675.000     0.99737
 11675.200     0.99810
 11675.400     0.99919
 11675.600     0.99926
 11675.800     0.99855
 11676.000     0.99707
 11676.200     0.99489
 11676.400     0.99488
 11676.600     0.99713
 11676.800     0.99871
 11677.000     0.99945
 11677.200     0.99969
 11677.400     0.99950
 11677.600     0.99839
 11677.800     0.99399
 11678.000     0.98973
 11678.200     0.99376
 11678.400     0.99809
 11678.600     0.99828
 11678.800     0.99703
 11679.000     0.99768
 11679.200     0.99908
 11679.400     0.99936
 11679.600     0.99886
 11679.800     0.99715
 11680.000     0.99248
 11680.200     0.97534
 11680.400     0.95382
 11680.600     0.96886
 11680.800     0.99167
 11681.000     0.99884
 11681.200     0.99753
 11681.400     0.98595
 11681.600     0.97381
 11681.800     0.98460
 11682.000     0.99510
 11682.200     0.99838
 11682.400     0.99963
 11682.600     0.99983
 11682.800     0.99937
 11683.000     0.99681
 11683.200     0.99424
 11683.400     0.99629
 11683.600     0.99158
 11683.800     0.95860
 11684.000     0.92749
 11684.200     0.96125
 11684.400     0.99263
 11684.600     0.99826
 11684.800     0.99939
 11685.000     0.99989
 11685.200     0.99978
 11685.400     0.99931
 11685.600     0.99854
 11685.800     0.99572
 11686.000     0.99270
 11686.200     0.99588
 11686.400     0.99888
 11686.600     0.99917
 11686.800     0.99906
 11687.000     0.99886
 11687.200     0.99926
 11687.400     0.99935
 11687.600     0.99832
 11687.800     0.99730
 11688.000     0.99758
 11688.200     0.99802
 11688.400     0.99743
 11688.600     0.99301
 11688.800     0.98035
 11689.000     0.97078
 11689.200     0.97767
 11689.400     0.96566
 11689.600     0.86027
 11689.800     0.64724
 11690.000     0.53319
 11690.200     0.64675
 11690.400     0.84285
 11690.600     0.95401
 11690.800     0.98322
 11691.000     0.98710
 11691.200     0.98839
 11691.400     0.99346
 11691.600     0.99719
 11691.800     0.99825
 11692.000     0.99840
 11692.200     0.99729
 11692.400     0.99618
 11692.600     0.99778
 11692.800     0.99775
 11693.000     0.99229
 11693.200     0.98771
 11693.400     0.99250
 11693.600     0.99498
 11693.800     0.98579
 11694.000     0.96605
 11694.200     0.96219
 11694.400     0.98363
 11694.600     0.99731
 11694.800     0.99757
 11695.000     0.99503
 11695.200     0.99506
 11695.400     0.98764
 11695.600     0.95554
 11695.800     0.93222
 11696.000     0.96617
 11696.200     0.99487
 11696.400     0.99971
 11696.600     0.99985
 11696.800     0.99955
 11697.000     0.99925
 11697.200     0.99930
 11697.400     0.99928
 11697.600     0.99951
 11697.800     0.99964
 11698.000     0.99948
 11698.200     0.99866
 11698.400     0.99713
 11698.600     0.99700
 11698.800     0.99839
 11699.000     0.99894
 11699.200     0.99800
 11699.400     0.99280
 11699.600     0.97405
 11699.800     0.93296
 11700.000     0.85895
 11700.200     0.80328
 11700.400     0.86717
 11700.600     0.95734
 11700.800     0.99218
 11701.000     0.99766
 11701.200     0.99838
 11701.400     0.99901
 11701.600     0.99942
 11701.800     0.99944
 11702.000     0.99879
 11702.200     0.99800
 11702.400     0.99806
 11702.600     0.99686
 11702.800     0.99428
 11703.000     0.99356
 11703.200     0.99700
 11703.400     0.99943
 11703.600     0.99986
 11703.800     0.99992
 11704.000     0.99997
 11704.200     1.00000
 11704.400     1.00000
 11704.600     0.99999
 11704.800     0.99995
 11705.000     0.99991
 11705.200     0.99992
 11705.400     0.99975
 11705.600     0.99951
 11705.800     0.99948
 11706.000     0.99834
 11706.200     0.99493
 11706.400     0.99252
 11706.600     0.99403
 11706.800     0.99549
 11707.000     0.99759
 11707.200     0.99936
 11707.400     0.99965
 11707.600     0.99822
 11707.800     0.99530
 11708.000     0.98726
 11708.200     0.96735
 11708.400     0.95994
 11708.600     0.98126
 11708.800     0.99617
 11709.000     0.99906
 11709.200     0.99970
 11709.400     0.99955
 11709.600     0.99875
 11709.800     0.99745
 11710.000     0.99679
 11710.200     0.99836
 11710.400     0.99929
 11710.600     0.99924
 11710.800     0.99963
 11711.000     0.99994
 11711.200     0.99995
 11711.400     0.99929
 11711.600     0.99195
 11711.800     0.95840
 11712.000     0.92600
 11712.200     0.95632
 11712.400     0.98568
 11712.600     0.99275
 11712.800     0.99488
 11713.000     0.99563
 11713.200     0.99762
 11713.400     0.99931
 11713.600     0.99982
 11713.800     0.99989
 11714.000     0.99989
 11714.200     0.99969
 11714.400     0.99772
 11714.600     0.98954
 11714.800     0.98006
 11715.000     0.98324
 11715.200     0.98508
 11715.400     0.97793
 11715.600     0.98210
 11715.800     0.99371
 11716.000     0.99909
 11716.200     0.99987
 11716.400     0.99992
 11716.600     0.99992
 11716.800     0.99972
 11717.000     0.99901
 11717.200     0.99719
 11717.400     0.98979
 11717.600     0.98017
 11717.800     0.98566
 11718.000     0.99518
 11718.200     0.99592
 11718.400     0.99210
 11718.600     0.99282
 11718.800     0.99699
 11719.000     0.99936
 11719.200     0.99984
 11719.400     0.99973
 11719.600     0.99935
 11719.800     0.99910
 11720.000     0.99942
 11720.200     0.99979
 11720.400     0.99969
 11720.600     0.99939
 11720.800     0.99946
 11721.000     0.99935
 11721.200     0.99924
 11721.400     0.99963
 11721.600     0.99976
 11721.800     0.99932
 11722.000     0.99899
 11722.200     0.99903
 11722.400     0.99425
 11722.600     0.97122
 11722.800     0.95005
 11723.000     0.97307
 11723.200     0.99065
 11723.400     0.96853
 11723.600     0.93688
 11723.800     0.95704
 11724.000     0.98748
 11724.200     0.99594
 11724.400     0.99415
 11724.600     0.99369
 11724.800     0.99712
 11725.000     0.99893
 11725.200     0.99430
 11725.400     0.97283
 11725.600     0.95383
 11725.800     0.97586
 11726.000     0.99596
 11726.200     0.99890
 11726.400     0.99791
 11726.600     0.99753
 11726.800     0.99785
 11727.000     0.99633
 11727.200     0.99413
 11727.400     0.99347
 11727.600     0.99006
 11727.800     0.98679
 11728.000     0.98952
 11728.200     0.98243
 11728.400     0.96872
 11728.600     0.97749
 11728.800     0.99249
 11729.000     0.99846
 11729.200     0.99949
 11729.400     0.99839
 11729.600     0.99666
 11729.800     0.99717
 11730.000     0.99867
 11730.200     0.99947
 11730.400     0.99973
 11730.600     0.99984
 11730.800     0.99975
 11731.000     0.99924
 11731.200     0.99770
 11731.400     0.99627
 11731.600     0.99798
 11731.800     0.99919
 11732.000     0.99823
 11732.200     0.99743
 11732.400     0.99872
 11732.600     0.99975
 11732.800     0.99968
 11733.000     0.99938
 11733.200     0.99949
 11733.400     0.99923
 11733.600     0.99860
 11733.800     0.99747
 11734.000     0.99465
 11734.200     0.99405
 11734.400     0.99725
 11734.600     0.99908
 11734.800     0.99839
 11735.000     0.99643
 11735.200     0.99495
 11735.400     0.99462
 11735.600     0.99577
 11735.800     0.99806
 11736.000     0.99892
 11736.200     0.99765
 11736.400     0.99286
 11736.600     0.97100
 11736.800     0.94790
 11737.000     0.97089
 11737.200     0.99404
 11737.400     0.99671
 11737.600     0.99435
 11737.800     0.99578
 11738.000     0.99839
 11738.200     0.99952
 11738.400     0.99969
 11738.600     0.99933
 11738.800     0.99794
 11739.000     0.99279
 11739.200     0.98719
 11739.400     0.99091
 11739.600     0.99696
 11739.800     0.99930
 11740.000     0.99955
 11740.200     0.99539
 11740.400     0.96998
 11740.600     0.93912
 11740.800     0.95867
 11741.000     0.98778
 11741.200     0.99633
 11741.400     0.99751
 11741.600     0.99872
 11741.800     0.99962
 11742.000     0.99989
 11742.200     0.99994
 11742.400     0.99991
 11742.600     0.99977
 11742.800     0.99923
 11743.000     0.99861
 11743.200     0.99868
 11743.400     0.99750
 11743.600     0.99459
 11743.800     0.99462
 11744.000     0.99778
 11744.200     0.99945
 11744.400     0.99918
 11744.600     0.99855
 11744.800     0.99874
 11745.000     0.99950
 11745.200     0.99991
 11745.400     0.99993
 11745.600     0.99965
 11745.800     0.99906
 11746.000     0.99854
 11746.200     0.99844
 11746.400     0.99830
 11746.600     0.99549
 11746.800     0.98444
 11747.000     0.97400
 11747.200     0.98188
 11747.400     0.98917
 11747.600     0.98259
 11747.800     0.94829
 11748.000     0.87177
 11748.200     0.81286
 11748.400     0.85376
 11748.600     0.93395
 11748.800     0.97454
 11749.000     0.98901
 11749.200     0.99497
 11749.400     0.99664
 11749.600     0.99731
 11749.800     0.99770
 11750.000     0.99768
 11750.200     0.99789
 11750.400     0.99816
 11750.600     0.99723
 11750.800     0.99618
 11751.000     0.99652
 11751.200     0.99396
 11751.400     0.98989
 11751.600     0.98874
 11751.800     0.96831
 11752.000     0.91739
 11752.200     0.89996
 11752.400     0.94685
 11752.600     0.97494
 11752.800     0.95727
 11753.000     0.88863
 11753.200     0.79205
 11753.400     0.77996
 11753.600     0.86866
 11753.800     0.94487
 11754.000     0.97011
 11754.200     0.96316
 11754.400     0.91362
 11754.600     0.82488
 11754.800     0.79300
 11755.000     0.86497
 11755.200     0.94532
 11755.400     0.97973
 11755.600     0.98849
 11755.800     0.98720
 11756.000     0.98258
 11756.200     0.98180
 11756.400     0.98170
 11756.600     0.98958
 11756.800     0.99555
 11757.000     0.99607
 11757.200     0.99673
 11757.400     0.99391
 11757.600     0.98495
 11757.800     0.98170
 11758.000     0.98970
 11758.200     0.99676
 11758.400     0.99908
 11758.600     0.99926
 11758.800     0.99900
 11759.000     0.99892
 11759.200     0.99549
 11759.400     0.98167
 11759.600     0.97027
 11759.800     0.98421
 11760.000     0.99705
 11760.200     0.99945
 11760.400     0.99894
 11760.600     0.99813
 11760.800     0.99867
 11761.000     0.99932
 11761.200     0.99972
 11761.400     0.99994
 11761.600     0.99999
 11761.800     0.99990
 11762.000     0.99928
 11762.200     0.99837
 11762.400     0.99856
 11762.600     0.99936
 11762.800     0.99984
 11763.000     0.99986
 11763.200     0.99930
 11763.400     0.99867
 11763.600     0.99904
 11763.800     0.99934
 11764.000     0.99937
 11764.200     0.99955
 11764.400     0.99967
 11764.600     0.99982
 11764.800     0.99984
 11765.000     0.99912
 11765.200     0.99561
 11765.400     0.99088
 11765.600     0.98622
 11765.800     0.96896
 11766.000     0.95868
 11766.200     0.97952
 11766.400     0.99468
 11766.600     0.99651
 11766.800     0.99766
 11767.000     0.99572
 11767.200     0.97833
 11767.400     0.95345
 11767.600     0.96102
 11767.800     0.98571
 11768.000     0.99723
 11768.200     0.99890
 11768.400     0.99903
 11768.600     0.99928
 11768.800     0.99898
 11769.000     0.99531
 11769.200     0.97871
 11769.400     0.93287
 11769.600     0.88952
 11769.800     0.90359
 11770.000     0.93232
 11770.200     0.97207
 11770.400     0.99474
 11770.600     0.99644
 11770.800     0.99450
 11771.000     0.99591
 11771.200     0.99833
 11771.400     0.99917
 11771.600     0.99912
 11771.800     0.99877
 11772.000     0.99791
 11772.200     0.99443
 11772.400     0.97159
 11772.600     0.87664
 11772.800     0.76592
 11773.000     0.82330
 11773.200     0.93974
 11773.400     0.98761
 11773.600     0.99549
 11773.800     0.99733
 11774.000     0.99839
 11774.200     0.99897
 11774.400     0.99931
 11774.600     0.99934
 11774.800     0.99928
 11775.000     0.99941
 11775.200     0.99962
 11775.400     0.99962
 11775.600     0.99926
 11775.800     0.99781
 11776.000     0.99625
 11776.200     0.99770
 11776.400     0.99912
 11776.600     0.99798
 11776.800     0.98964
 11777.000     0.97569
 11777.200     0.95958
 11777.400     0.92755
 11777.600     0.91890
 11777.800     0.95668
 11778.000     0.98744
 11778.200     0.99667
 11778.400     0.99847
 11778.600     0.99831
 11778.800     0.99816
 11779.000     0.99770
 11779.200     0.99566
 11779.400     0.99498
 11779.600     0.99746
 11779.800     0.99884
 11780.000     0.99846
 11780.200     0.99641
 11780.400     0.98792
 11780.600     0.98061
 11780.800     0.98834
 11781.000     0.98872
 11781.200     0.95982
 11781.400     0.93284
 11781.600     0.95698
 11781.800     0.96415
 11782.000     0.95047
 11782.200     0.97191
 11782.400     0.98991
 11782.600     0.98607
 11782.800     0.94685
 11783.000     0.80349
 11783.200     0.61133
 11783.400     0.64058
 11783.600     0.84757
 11783.800     0.96671
 11784.000     0.99118
 11784.200     0.99522
 11784.400     0.99570
 11784.600     0.99519
 11784.800     0.99628
 11785.000     0.99801
 11785.200     0.99876
 11785.400     0.99883
 11785.600     0.99895
 11785.800     0.99931
 11786.000     0.99949
 11786.200     0.99971
 11786.400     0.99992
 11786.600     0.99987
 11786.800     0.99925
 11787.000     0.99851
 11787.200     0.99805
 11787.400     0.99248
 11787.600     0.98329
 11787.800     0.98528
 11788.000     0.99394
 11788.200     0.99854
 11788.400     0.99956
 11788.600     0.99967
 11788.800     0.99973
 11789.000     0.99977
 11789.200     0.99896
 11789.400     0.99443
 11789.600     0.98881
 11789.800     0.99151
 11790.000     0.99544
 11790.200     0.99611
 11790.400     0.99768
 11790.600     0.99888
 11790.800     0.99942
 11791.000     0.99971
 11791.200     0.99975
 11791.400     0.99977
 11791.600     0.99969
 11791.800     0.99919
 11792.000     0.99848
 11792.200     0.99853
 11792.400     0.99833
 11792.600     0.99106
 11792.800     0.95323
 11793.000     0.91008
 11793.200     0.93932
 11793.400     0.97956
 11793.600     0.99123
 11793.800     0.99610
 11794.000     0.99849
 11794.200     0.99867
 11794.400     0.99924
 11794.600     0.99967
 11794.800     0.99944
 11795.000     0.99790
 11795.200     0.99458
 11795.400     0.98234
 11795.600     0.95538
 11795.800     0.94875
 11796.000     0.97716
 11796.200     0.99637
 11796.400     0.99945
 11796.600     0.99855
 11796.800     0.99463
 11797.000     0.98285
 11797.200     0.97267
 11797.400     0.98486
 11797.600     0.99574
 11797.800     0.99832
 11798.000     0.99935
 11798.200     0.99955
 11798.400     0.99922
 11798.600     0.99889
 11798.800     0.99861
 11799.000     0.99743
 11799.200     0.99580
 11799.400     0.99355
 11799.600     1.00000
 11799.800     1.00000
 11800.000     1.00000
