the number of points per synthesis =   1451
start =  12900.000     stop =  13190.000     step =      0.200
 12900.000     1.00000
 12900.200     1.00000
 12900.400     1.00000
 12900.600     0.99855
 12900.800     0.99752
 12901.000     0.99340
 12901.200     0.99030
 12901.400     0.99392
 12901.600     0.99814
 12901.800     0.99933
 12902.000     0.99940
 12902.200     0.99955
 12902.400     0.99974
 12902.600     0.99948
 12902.800     0.99828
 12903.000     0.99702
 12903.200     0.99701
 12903.400     0.99724
 12903.600     0.99779
 12903.800     0.99842
 12904.000     0.99792
 12904.200     0.99742
 12904.400     0.99839
 12904.600     0.99946
 12904.800     0.99971
 12905.000     0.99935
 12905.200     0.99868
 12905.400     0.99843
 12905.600     0.99825
 12905.800     0.99776
 12906.000     0.99827
 12906.200     0.99935
 12906.400     0.99988
 12906.600     0.99996
 12906.800     0.99993
 12907.000     0.99990
 12907.200     0.99978
 12907.400     0.99912
 12907.600     0.99697
 12907.800     0.99366
 12908.000     0.99275
 12908.200     0.99557
 12908.400     0.99686
 12908.600     0.98615
 12908.800     0.94098
 12909.000     0.88766
 12909.200     0.90474
 12909.400     0.96143
 12909.600     0.98735
 12909.800     0.97294
 12910.000     0.94597
 12910.200     0.94992
 12910.400     0.97807
 12910.600     0.99548
 12910.800     0.99938
 12911.000     0.99975
 12911.200     0.99972
 12911.400     0.99969
 12911.600     0.99981
 12911.800     0.99994
 12912.000     0.99996
 12912.200     0.99992
 12912.400     0.99984
 12912.600     0.99955
 12912.800     0.99884
 12913.000     0.99824
 12913.200     0.99834
 12913.400     0.99860
 12913.600     0.99896
 12913.800     0.99916
 12914.000     0.99900
 12914.200     0.99810
 12914.400     0.99640
 12914.600     0.99568
 12914.800     0.99711
 12915.000     0.99874
 12915.200     0.99947
 12915.400     0.99970
 12915.600     0.99979
 12915.800     0.99981
 12916.000     0.99976
 12916.200     0.99974
 12916.400     0.99973
 12916.600     0.99921
 12916.800     0.99587
 12917.000     0.98701
 12917.200     0.98055
 12917.400     0.98620
 12917.600     0.99361
 12917.800     0.99636
 12918.000     0.99778
 12918.200     0.99895
 12918.400     0.99956
 12918.600     0.99978
 12918.800     0.99986
 12919.000     0.99987
 12919.200     0.99978
 12919.400     0.99883
 12919.600     0.99454
 12919.800     0.98837
 12920.000     0.98855
 12920.200     0.99461
 12920.400     0.99859
 12920.600     0.99961
 12920.800     0.99988
 12921.000     0.99988
 12921.200     0.99915
 12921.400     0.99578
 12921.600     0.98927
 12921.800     0.98682
 12922.000     0.99283
 12922.200     0.99834
 12922.400     0.99982
 12922.600     0.99998
 12922.800     0.99995
 12923.000     0.99992
 12923.200     0.99995
 12923.400     0.99999
 12923.600     0.99997
 12923.800     0.99987
 12924.000     0.99975
 12924.200     0.99980
 12924.400     0.99989
 12924.600     0.99982
 12924.800     0.99965
 12925.000     0.99957
 12925.200     0.99913
 12925.400     0.99755
 12925.600     0.99636
 12925.800     0.99734
 12926.000     0.99809
 12926.200     0.99828
 12926.400     0.99906
 12926.600     0.99937
 12926.800     0.99838
 12927.000     0.99731
 12927.200     0.99751
 12927.400     0.99782
 12927.600     0.99845
 12927.800     0.99918
 12928.000     0.99876
 12928.200     0.99562
 12928.400     0.99008
 12928.600     0.98753
 12928.800     0.98741
 12929.000     0.98666
 12929.200     0.99139
 12929.400     0.99675
 12929.600     0.99853
 12929.800     0.99890
 12930.000     0.99854
 12930.200     0.99796
 12930.400     0.99811
 12930.600     0.99887
 12930.800     0.99926
 12931.000     0.99919
 12931.200     0.99926
 12931.400     0.99934
 12931.600     0.99869
 12931.800     0.99132
 12932.000     0.95626
 12932.200     0.89764
 12932.400     0.88688
 12932.600     0.93284
 12932.800     0.93923
 12933.000     0.91883
 12933.200     0.94873
 12933.400     0.98542
 12933.600     0.99689
 12933.800     0.99892
 12934.000     0.99819
 12934.200     0.98772
 12934.400     0.94629
 12934.600     0.90011
 12934.800     0.91913
 12935.000     0.96844
 12935.200     0.99157
 12935.400     0.99504
 12935.600     0.99646
 12935.800     0.99842
 12936.000     0.99931
 12936.200     0.99938
 12936.400     0.99845
 12936.600     0.99135
 12936.800     0.96556
 12937.000     0.94315
 12937.200     0.96380
 12937.400     0.99066
 12937.600     0.99884
 12937.800     0.99985
 12938.000     0.99988
 12938.200     0.99981
 12938.400     0.99968
 12938.600     0.99963
 12938.800     0.99968
 12939.000     0.99966
 12939.200     0.99940
 12939.400     0.99825
 12939.600     0.99441
 12939.800     0.98752
 12940.000     0.98487
 12940.200     0.99118
 12940.400     0.99570
 12940.600     0.99041
 12940.800     0.97547
 12941.000     0.96758
 12941.200     0.98041
 12941.400     0.99392
 12941.600     0.99821
 12941.800     0.99919
 12942.000     0.99950
 12942.200     0.99943
 12942.400     0.99893
 12942.600     0.99847
 12942.800     0.99889
 12943.000     0.99953
 12943.200     0.99969
 12943.400     0.99966
 12943.600     0.99958
 12943.800     0.99876
 12944.000     0.99667
 12944.200     0.99554
 12944.400     0.99733
 12944.600     0.99906
 12944.800     0.99955
 12945.000     0.99975
 12945.200     0.99984
 12945.400     0.99971
 12945.600     0.99906
 12945.800     0.99783
 12946.000     0.99668
 12946.200     0.99615
 12946.400     0.99598
 12946.600     0.99599
 12946.800     0.99697
 12947.000     0.99795
 12947.200     0.99889
 12947.400     0.99948
 12947.600     0.99943
 12947.800     0.99928
 12948.000     0.99919
 12948.200     0.99814
 12948.400     0.99665
 12948.600     0.99706
 12948.800     0.99870
 12949.000     0.99959
 12949.200     0.99975
 12949.400     0.99944
 12949.600     0.99748
 12949.800     0.99187
 12950.000     0.98652
 12950.200     0.98894
 12950.400     0.99430
 12950.600     0.99545
 12950.800     0.99367
 12951.000     0.99434
 12951.200     0.99751
 12951.400     0.99949
 12951.600     0.99992
 12951.800     0.99997
 12952.000     0.99996
 12952.200     0.99990
 12952.400     0.99952
 12952.600     0.99810
 12952.800     0.99670
 12953.000     0.99765
 12953.200     0.99910
 12953.400     0.99932
 12953.600     0.99848
 12953.800     0.99761
 12954.000     0.99824
 12954.200     0.99932
 12954.400     0.99979
 12954.600     0.99988
 12954.800     0.99986
 12955.000     0.99975
 12955.200     0.99943
 12955.400     0.99838
 12955.600     0.99662
 12955.800     0.99610
 12956.000     0.99762
 12956.200     0.99901
 12956.400     0.99954
 12956.600     0.99976
 12956.800     0.99989
 12957.000     0.99996
 12957.200     0.99996
 12957.400     0.99984
 12957.600     0.99968
 12957.800     0.99965
 12958.000     0.99971
 12958.200     0.99984
 12958.400     0.99993
 12958.600     0.99997
 12958.800     0.99996
 12959.000     0.99992
 12959.200     0.99985
 12959.400     0.99976
 12959.600     0.99962
 12959.800     0.99930
 12960.000     0.99897
 12960.200     0.99881
 12960.400     0.99867
 12960.600     0.99849
 12960.800     0.99796
 12961.000     0.99706
 12961.200     0.99698
 12961.400     0.99833
 12961.600     0.99923
 12961.800     0.99746
 12962.000     0.99016
 12962.200     0.98371
 12962.400     0.98918
 12962.600     0.99658
 12962.800     0.99815
 12963.000     0.99757
 12963.200     0.99820
 12963.400     0.99864
 12963.600     0.99755
 12963.800     0.99671
 12964.000     0.99632
 12964.200     0.99148
 12964.400     0.98596
 12964.600     0.98975
 12964.800     0.99636
 12965.000     0.99917
 12965.200     0.99977
 12965.400     0.99987
 12965.600     0.99989
 12965.800     0.99987
 12966.000     0.99984
 12966.200     0.99984
 12966.400     0.99986
 12966.600     0.99986
 12966.800     0.99974
 12967.000     0.99931
 12967.200     0.99835
 12967.400     0.99760
 12967.600     0.99812
 12967.800     0.99908
 12968.000     0.99959
 12968.200     0.99972
 12968.400     0.99969
 12968.600     0.99959
 12968.800     0.99938
 12969.000     0.99862
 12969.200     0.99637
 12969.400     0.99357
 12969.600     0.99299
 12969.800     0.99241
 12970.000     0.98873
 12970.200     0.98696
 12970.400     0.98918
 12970.600     0.99212
 12970.800     0.99590
 12971.000     0.99872
 12971.200     0.99966
 12971.400     0.99985
 12971.600     0.99990
 12971.800     0.99988
 12972.000     0.99971
 12972.200     0.99949
 12972.400     0.99957
 12972.600     0.99980
 12972.800     0.99992
 12973.000     0.99993
 12973.200     0.99993
 12973.400     0.99994
 12973.600     0.99992
 12973.800     0.99985
 12974.000     0.99939
 12974.200     0.99786
 12974.400     0.99637
 12974.600     0.99655
 12974.800     0.99646
 12975.000     0.99619
 12975.200     0.99516
 12975.400     0.97893
 12975.600     0.90574
 12975.800     0.79272
 12976.000     0.78523
 12976.200     0.89790
 12976.400     0.97864
 12976.600     0.99620
 12976.800     0.99644
 12977.000     0.99592
 12977.200     0.99496
 12977.400     0.99450
 12977.600     0.99649
 12977.800     0.99865
 12978.000     0.99958
 12978.200     0.99978
 12978.400     0.99955
 12978.600     0.99908
 12978.800     0.99878
 12979.000     0.99815
 12979.200     0.99546
 12979.400     0.99283
 12979.600     0.99430
 12979.800     0.99722
 12980.000     0.99890
 12980.200     0.99953
 12980.400     0.99946
 12980.600     0.99841
 12980.800     0.99702
 12981.000     0.99735
 12981.200     0.99884
 12981.400     0.99946
 12981.600     0.99784
 12981.800     0.99210
 12982.000     0.98731
 12982.200     0.99106
 12982.400     0.99600
 12982.600     0.99780
 12982.800     0.99853
 12983.000     0.99908
 12983.200     0.99948
 12983.400     0.99956
 12983.600     0.99936
 12983.800     0.99909
 12984.000     0.99902
 12984.200     0.99946
 12984.400     0.99985
 12984.600     0.99990
 12984.800     0.99976
 12985.000     0.99957
 12985.200     0.99961
 12985.400     0.99979
 12985.600     0.99987
 12985.800     0.99982
 12986.000     0.99937
 12986.200     0.99790
 12986.400     0.99609
 12986.600     0.99600
 12986.800     0.99742
 12987.000     0.99882
 12987.200     0.99843
 12987.400     0.99497
 12987.600     0.99236
 12987.800     0.99545
 12988.000     0.99889
 12988.200     0.99982
 12988.400     0.99996
 12988.600     0.99999
 12988.800     0.99997
 12989.000     0.99992
 12989.200     0.99987
 12989.400     0.99981
 12989.600     0.99979
 12989.800     0.99977
 12990.000     0.99951
 12990.200     0.99887
 12990.400     0.99815
 12990.600     0.99790
 12990.800     0.99835
 12991.000     0.99915
 12991.200     0.99964
 12991.400     0.99975
 12991.600     0.99977
 12991.800     0.99953
 12992.000     0.99922
 12992.200     0.99926
 12992.400     0.99878
 12992.600     0.99748
 12992.800     0.99680
 12993.000     0.99568
 12993.200     0.99183
 12993.400     0.99024
 12993.600     0.99451
 12993.800     0.99828
 12994.000     0.99949
 12994.200     0.99984
 12994.400     0.99988
 12994.600     0.99989
 12994.800     0.99974
 12995.000     0.99894
 12995.200     0.99774
 12995.400     0.99651
 12995.600     0.99559
 12995.800     0.99687
 12996.000     0.99890
 12996.200     0.99979
 12996.400     0.99982
 12996.600     0.99936
 12996.800     0.99900
 12997.000     0.99939
 12997.200     0.99985
 12997.400     0.99993
 12997.600     0.99979
 12997.800     0.99953
 12998.000     0.99933
 12998.200     0.99906
 12998.400     0.99857
 12998.600     0.99861
 12998.800     0.99932
 12999.000     0.99982
 12999.200     0.99987
 12999.400     0.99959
 12999.600     0.99861
 12999.800     0.99750
 13000.000     0.99791
 13000.200     0.99898
 13000.400     0.99823
 13000.600     0.99303
 13000.800     0.98782
 13001.000     0.98836
 13001.200     0.98209
 13001.400     0.97412
 13001.600     0.98344
 13001.800     0.99421
 13002.000     0.99540
 13002.200     0.99410
 13002.400     0.99629
 13002.600     0.99882
 13002.800     0.99944
 13003.000     0.99833
 13003.200     0.99360
 13003.400     0.98905
 13003.600     0.99238
 13003.800     0.99769
 13004.000     0.99967
 13004.200     0.99996
 13004.400     0.99995
 13004.600     0.99994
 13004.800     0.99977
 13005.000     0.99885
 13005.200     0.99664
 13005.400     0.99543
 13005.600     0.99733
 13005.800     0.99916
 13006.000     0.99924
 13006.200     0.99471
 13006.400     0.97511
 13006.600     0.95071
 13006.800     0.95675
 13007.000     0.98199
 13007.200     0.99523
 13007.400     0.99711
 13007.600     0.99807
 13007.800     0.99928
 13008.000     0.99964
 13008.200     0.99958
 13008.400     0.99966
 13008.600     0.99977
 13008.800     0.99980
 13009.000     0.99976
 13009.200     0.99924
 13009.400     0.99731
 13009.600     0.99564
 13009.800     0.99711
 13010.000     0.99913
 13010.200     0.99979
 13010.400     0.99984
 13010.600     0.99973
 13010.800     0.99916
 13011.000     0.99702
 13011.200     0.99381
 13011.400     0.99144
 13011.600     0.98804
 13011.800     0.98452
 13012.000     0.98685
 13012.200     0.99348
 13012.400     0.99723
 13012.600     0.99836
 13012.800     0.99914
 13013.000     0.99945
 13013.200     0.99881
 13013.400     0.99789
 13013.600     0.99814
 13013.800     0.99881
 13014.000     0.99899
 13014.200     0.99899
 13014.400     0.99634
 13014.600     0.98492
 13014.800     0.97412
 13015.000     0.98225
 13015.200     0.99412
 13015.400     0.99628
 13015.600     0.99295
 13015.800     0.99107
 13016.000     0.99356
 13016.200     0.99729
 13016.400     0.99925
 13016.600     0.99976
 13016.800     0.99984
 13017.000     0.99982
 13017.200     0.99980
 13017.400     0.99976
 13017.600     0.99968
 13017.800     0.99959
 13018.000     0.99945
 13018.200     0.99910
 13018.400     0.99882
 13018.600     0.99878
 13018.800     0.99838
 13019.000     0.99814
 13019.200     0.99891
 13019.400     0.99965
 13019.600     0.99989
 13019.800     0.99996
 13020.000     0.99998
 13020.200     0.99993
 13020.400     0.99975
 13020.600     0.99917
 13020.800     0.99806
 13021.000     0.99761
 13021.200     0.99860
 13021.400     0.99954
 13021.600     0.99977
 13021.800     0.99953
 13022.000     0.99892
 13022.200     0.99766
 13022.400     0.99654
 13022.600     0.99735
 13022.800     0.99851
 13023.000     0.99911
 13023.200     0.99954
 13023.400     0.99963
 13023.600     0.99845
 13023.800     0.99444
 13024.000     0.99025
 13024.200     0.99171
 13024.400     0.99630
 13024.600     0.99905
 13024.800     0.99980
 13025.000     0.99986
 13025.200     0.99981
 13025.400     0.99986
 13025.600     0.99995
 13025.800     0.99995
 13026.000     0.99951
 13026.200     0.99793
 13026.400     0.99663
 13026.600     0.99792
 13026.800     0.99947
 13027.000     0.99985
 13027.200     0.99983
 13027.400     0.99979
 13027.600     0.99972
 13027.800     0.99964
 13028.000     0.99962
 13028.200     0.99955
 13028.400     0.99927
 13028.600     0.99868
 13028.800     0.99691
 13029.000     0.98486
 13029.200     0.93410
 13029.400     0.85267
 13029.600     0.83950
 13029.800     0.91685
 13030.000     0.97819
 13030.200     0.99227
 13030.400     0.97764
 13030.600     0.91098
 13030.800     0.80928
 13031.000     0.79771
 13031.200     0.89513
 13031.400     0.97170
 13031.600     0.99304
 13031.800     0.99647
 13032.000     0.99769
 13032.200     0.99773
 13032.400     0.99689
 13032.600     0.99705
 13032.800     0.99753
 13033.000     0.99175
 13033.200     0.95944
 13033.400     0.89024
 13033.600     0.85770
 13033.800     0.91802
 13034.000     0.97795
 13034.200     0.99530
 13034.400     0.99803
 13034.600     0.99826
 13034.800     0.99805
 13035.000     0.99849
 13035.200     0.99912
 13035.400     0.99895
 13035.600     0.99707
 13035.800     0.99230
 13036.000     0.98925
 13036.200     0.99345
 13036.400     0.99729
 13036.600     0.99647
 13036.800     0.99446
 13037.000     0.99342
 13037.200     0.99065
 13037.400     0.98894
 13037.600     0.99327
 13037.800     0.99738
 13038.000     0.99829
 13038.200     0.99881
 13038.400     0.99936
 13038.600     0.99923
 13038.800     0.99793
 13039.000     0.99543
 13039.200     0.98483
 13039.400     0.94322
 13039.600     0.90098
 13039.800     0.92740
 13040.000     0.97562
 13040.200     0.99565
 13040.400     0.99894
 13040.600     0.99857
 13040.800     0.99820
 13041.000     0.99864
 13041.200     0.99864
 13041.400     0.99815
 13041.600     0.99860
 13041.800     0.99946
 13042.000     0.99986
 13042.200     0.99997
 13042.400     0.99999
 13042.600     1.00000
 13042.800     1.00000
 13043.000     0.99999
 13043.200     0.99997
 13043.400     0.99990
 13043.600     0.99966
 13043.800     0.99893
 13044.000     0.99813
 13044.200     0.99836
 13044.400     0.99922
 13044.600     0.99975
 13044.800     0.99991
 13045.000     0.99993
 13045.200     0.99977
 13045.400     0.99915
 13045.600     0.99835
 13045.800     0.99832
 13046.000     0.99866
 13046.200     0.99899
 13046.400     0.99947
 13046.600     0.99974
 13046.800     0.99975
 13047.000     0.99975
 13047.200     0.99939
 13047.400     0.99708
 13047.600     0.99080
 13047.800     0.97664
 13048.000     0.94223
 13048.200     0.91604
 13048.400     0.94519
 13048.600     0.97922
 13048.800     0.99264
 13049.000     0.99780
 13049.200     0.99920
 13049.400     0.99963
 13049.600     0.99983
 13049.800     0.99986
 13050.000     0.99970
 13050.200     0.99940
 13050.400     0.99912
 13050.600     0.99859
 13050.800     0.99794
 13051.000     0.99836
 13051.200     0.99929
 13051.400     0.99968
 13051.600     0.99931
 13051.800     0.99830
 13052.000     0.99763
 13052.200     0.99824
 13052.400     0.99886
 13052.600     0.99816
 13052.800     0.99703
 13053.000     0.99706
 13053.200     0.99276
 13053.400     0.97250
 13053.600     0.95393
 13053.800     0.96942
 13054.000     0.99122
 13054.200     0.99851
 13054.400     0.99955
 13054.600     0.99954
 13054.800     0.99923
 13055.000     0.99846
 13055.200     0.99698
 13055.400     0.99591
 13055.600     0.99692
 13055.800     0.99853
 13056.000     0.99925
 13056.200     0.99908
 13056.400     0.99840
 13056.600     0.99819
 13056.800     0.99870
 13057.000     0.99907
 13057.200     0.99875
 13057.400     0.99514
 13057.600     0.98154
 13057.800     0.96555
 13058.000     0.97030
 13058.200     0.98767
 13058.400     0.99736
 13058.600     0.99939
 13058.800     0.99939
 13059.000     0.99822
 13059.200     0.99499
 13059.400     0.99274
 13059.600     0.99518
 13059.800     0.99769
 13060.000     0.99761
 13060.200     0.99646
 13060.400     0.99584
 13060.600     0.99652
 13060.800     0.99766
 13061.000     0.99851
 13061.200     0.99900
 13061.400     0.99916
 13061.600     0.99857
 13061.800     0.99624
 13062.000     0.99341
 13062.200     0.99387
 13062.400     0.99709
 13062.600     0.99892
 13062.800     0.99836
 13063.000     0.99754
 13063.200     0.99832
 13063.400     0.99935
 13063.600     0.99981
 13063.800     0.99996
 13064.000     0.99997
 13064.200     0.99988
 13064.400     0.99980
 13064.600     0.99987
 13064.800     0.99993
 13065.000     0.99992
 13065.200     0.99995
 13065.400     0.99999
 13065.600     0.99995
 13065.800     0.99975
 13066.000     0.99931
 13066.200     0.99859
 13066.400     0.99821
 13066.600     0.99894
 13066.800     0.99966
 13067.000     0.99978
 13067.200     0.99980
 13067.400     0.99986
 13067.600     0.99982
 13067.800     0.99966
 13068.000     0.99955
 13068.200     0.99961
 13068.400     0.99980
 13068.600     0.99989
 13068.800     0.99973
 13069.000     0.99892
 13069.200     0.99763
 13069.400     0.99756
 13069.600     0.99883
 13069.800     0.99975
 13070.000     0.99992
 13070.200     0.99972
 13070.400     0.99911
 13070.600     0.99842
 13070.800     0.99852
 13071.000     0.99905
 13071.200     0.99925
 13071.400     0.99943
 13071.600     0.99961
 13071.800     0.99939
 13072.000     0.99849
 13072.200     0.99767
 13072.400     0.99763
 13072.600     0.99711
 13072.800     0.99712
 13073.000     0.99858
 13073.200     0.99969
 13073.400     0.99992
 13073.600     0.99976
 13073.800     0.99931
 13074.000     0.99853
 13074.200     0.99776
 13074.400     0.99777
 13074.600     0.99840
 13074.800     0.99861
 13075.000     0.99872
 13075.200     0.99909
 13075.400     0.99934
 13075.600     0.99922
 13075.800     0.99842
 13076.000     0.99781
 13076.200     0.99843
 13076.400     0.99897
 13076.600     0.99818
 13076.800     0.99475
 13077.000     0.98283
 13077.200     0.96282
 13077.400     0.95724
 13077.600     0.97315
 13077.800     0.98888
 13078.000     0.99582
 13078.200     0.99780
 13078.400     0.99810
 13078.600     0.99814
 13078.800     0.99571
 13079.000     0.99183
 13079.200     0.99249
 13079.400     0.99672
 13079.600     0.99927
 13079.800     0.99973
 13080.000     0.99970
 13080.200     0.99981
 13080.400     0.99994
 13080.600     0.99999
 13080.800     1.00000
 13081.000     1.00000
 13081.200     0.99999
 13081.400     0.99995
 13081.600     0.99970
 13081.800     0.99892
 13082.000     0.99828
 13082.200     0.99894
 13082.400     0.99969
 13082.600     0.99954
 13082.800     0.99831
 13083.000     0.99722
 13083.200     0.99797
 13083.400     0.99869
 13083.600     0.99784
 13083.800     0.99664
 13084.000     0.99642
 13084.200     0.99707
 13084.400     0.99795
 13084.600     0.99802
 13084.800     0.99763
 13085.000     0.99758
 13085.200     0.99835
 13085.400     0.99753
 13085.600     0.98587
 13085.800     0.94632
 13086.000     0.90812
 13086.200     0.92417
 13086.400     0.95800
 13086.600     0.98216
 13086.800     0.99534
 13087.000     0.99911
 13087.200     0.99952
 13087.400     0.99909
 13087.600     0.99830
 13087.800     0.99811
 13088.000     0.99894
 13088.200     0.99957
 13088.400     0.99963
 13088.600     0.99970
 13088.800     0.99982
 13089.000     0.99984
 13089.200     0.99966
 13089.400     0.99918
 13089.600     0.99858
 13089.800     0.99841
 13090.000     0.99867
 13090.200     0.99904
 13090.400     0.99928
 13090.600     0.99796
 13090.800     0.99325
 13091.000     0.98988
 13091.200     0.99398
 13091.400     0.99857
 13091.600     0.99982
 13091.800     0.99997
 13092.000     0.99999
 13092.200     1.00000
 13092.400     1.00000
 13092.600     1.00000
 13092.800     1.00000
 13093.000     1.00000
 13093.200     1.00000
 13093.400     1.00000
 13093.600     0.99997
 13093.800     0.99972
 13094.000     0.99895
 13094.200     0.99823
 13094.400     0.99862
 13094.600     0.99945
 13094.800     0.99987
 13095.000     0.99993
 13095.200     0.99972
 13095.400     0.99948
 13095.600     0.99961
 13095.800     0.99983
 13096.000     0.99982
 13096.200     0.99948
 13096.400     0.99906
 13096.600     0.99913
 13096.800     0.99944
 13097.000     0.99934
 13097.200     0.99817
 13097.400     0.99707
 13097.600     0.99782
 13097.800     0.99887
 13098.000     0.99905
 13098.200     0.99688
 13098.400     0.98406
 13098.600     0.94033
 13098.800     0.89021
 13099.000     0.90593
 13099.200     0.95944
 13099.400     0.98863
 13099.600     0.99615
 13099.800     0.99765
 13100.000     0.99680
 13100.200     0.99573
 13100.400     0.99647
 13100.600     0.99693
 13100.800     0.99630
 13101.000     0.99595
 13101.200     0.99448
 13101.400     0.98659
 13101.600     0.95079
 13101.800     0.85097
 13102.000     0.74189
 13102.200     0.76376
 13102.400     0.87886
 13102.600     0.95187
 13102.800     0.97571
 13103.000     0.98295
 13103.200     0.98477
 13103.400     0.98995
 13103.600     0.99458
 13103.800     0.99678
 13104.000     0.99795
 13104.200     0.99744
 13104.400     0.99557
 13104.600     0.99512
 13104.800     0.99675
 13105.000     0.99768
 13105.200     0.99819
 13105.400     0.99889
 13105.600     0.99865
 13105.800     0.99810
 13106.000     0.99863
 13106.200     0.99944
 13106.400     0.99984
 13106.600     0.99994
 13106.800     0.99990
 13107.000     0.99986
 13107.200     0.99984
 13107.400     0.99922
 13107.600     0.99468
 13107.800     0.98082
 13108.000     0.97053
 13108.200     0.98135
 13108.400     0.99387
 13108.600     0.99809
 13108.800     0.99939
 13109.000     0.99980
 13109.200     0.99992
 13109.400     0.99997
 13109.600     0.99997
 13109.800     0.99981
 13110.000     0.99930
 13110.200     0.99889
 13110.400     0.99903
 13110.600     0.99886
 13110.800     0.99852
 13111.000     0.99896
 13111.200     0.99942
 13111.400     0.99936
 13111.600     0.99883
 13111.800     0.99778
 13112.000     0.99566
 13112.200     0.99083
 13112.400     0.98545
 13112.600     0.98490
 13112.800     0.98866
 13113.000     0.99203
 13113.200     0.99108
 13113.400     0.99081
 13113.600     0.99516
 13113.800     0.99870
 13114.000     0.99960
 13114.200     0.99973
 13114.400     0.99979
 13114.600     0.99984
 13114.800     0.99985
 13115.000     0.99984
 13115.200     0.99972
 13115.400     0.99946
 13115.600     0.99910
 13115.800     0.99800
 13116.000     0.99595
 13116.200     0.99386
 13116.400     0.99314
 13116.600     0.99282
 13116.800     0.98302
 13117.000     0.95913
 13117.200     0.94561
 13117.400     0.95776
 13117.600     0.96075
 13117.800     0.95193
 13118.000     0.96057
 13118.200     0.97960
 13118.400     0.99137
 13118.600     0.99575
 13118.800     0.99739
 13119.000     0.99816
 13119.200     0.99860
 13119.400     0.99893
 13119.600     0.99915
 13119.800     0.99926
 13120.000     0.99900
 13120.200     0.99764
 13120.400     0.99622
 13120.600     0.99699
 13120.800     0.99789
 13121.000     0.99703
 13121.200     0.99572
 13121.400     0.99451
 13121.600     0.99262
 13121.800     0.98891
 13122.000     0.98358
 13122.200     0.97794
 13122.400     0.97142
 13122.600     0.95892
 13122.800     0.91947
 13123.000     0.81098
 13123.200     0.64664
 13123.400     0.55762
 13123.600     0.63362
 13123.800     0.79850
 13124.000     0.91174
 13124.200     0.95431
 13124.400     0.97149
 13124.600     0.98160
 13124.800     0.98767
 13125.000     0.99100
 13125.200     0.99241
 13125.400     0.99307
 13125.600     0.99446
 13125.800     0.99651
 13126.000     0.99849
 13126.200     0.99957
 13126.400     0.99983
 13126.600     0.99984
 13126.800     0.99987
 13127.000     0.99994
 13127.200     0.99999
 13127.400     0.99999
 13127.600     0.99998
 13127.800     0.99996
 13128.000     0.99996
 13128.200     0.99993
 13128.400     0.99984
 13128.600     0.99980
 13128.800     0.99984
 13129.000     0.99986
 13129.200     0.99982
 13129.400     0.99969
 13129.600     0.99918
 13129.800     0.99719
 13130.000     0.99293
 13130.200     0.99046
 13130.400     0.99385
 13130.600     0.99783
 13130.800     0.99927
 13131.000     0.99950
 13131.200     0.99929
 13131.400     0.99897
 13131.600     0.99855
 13131.800     0.99757
 13132.000     0.99720
 13132.200     0.99847
 13132.400     0.99959
 13132.600     0.99987
 13132.800     0.99985
 13133.000     0.99973
 13133.200     0.99963
 13133.400     0.99961
 13133.600     0.99945
 13133.800     0.99904
 13134.000     0.99859
 13134.200     0.99767
 13134.400     0.98862
 13134.600     0.94422
 13134.800     0.85975
 13135.000     0.82796
 13135.200     0.89991
 13135.400     0.97142
 13135.600     0.99448
 13135.800     0.99769
 13136.000     0.99798
 13136.200     0.99863
 13136.400     0.99916
 13136.600     0.99942
 13136.800     0.99950
 13137.000     0.99953
 13137.200     0.99958
 13137.400     0.99972
 13137.600     0.99989
 13137.800     0.99998
 13138.000     0.99997
 13138.200     0.99996
 13138.400     0.99997
 13138.600     0.99994
 13138.800     0.99979
 13139.000     0.99949
 13139.200     0.99931
 13139.400     0.99941
 13139.600     0.99933
 13139.800     0.99922
 13140.000     0.99939
 13140.200     0.99932
 13140.400     0.99888
 13140.600     0.99894
 13140.800     0.99944
 13141.000     0.99972
 13141.200     0.99980
 13141.400     0.99974
 13141.600     0.99966
 13141.800     0.99974
 13142.000     0.99982
 13142.200     0.99979
 13142.400     0.99982
 13142.600     0.99990
 13142.800     0.99996
 13143.000     0.99999
 13143.200     1.00000
 13143.400     1.00000
 13143.600     1.00000
 13143.800     1.00000
 13144.000     1.00000
 13144.200     1.00000
 13144.400     0.99989
 13144.600     0.99865
 13144.800     0.99369
 13145.000     0.98828
 13145.200     0.99075
 13145.400     0.99661
 13145.600     0.99933
 13145.800     0.99974
 13146.000     0.99967
 13146.200     0.99973
 13146.400     0.99968
 13146.600     0.99847
 13146.800     0.99420
 13147.000     0.99024
 13147.200     0.99188
 13147.400     0.98688
 13147.600     0.95025
 13147.800     0.88792
 13148.000     0.87603
 13148.200     0.93688
 13148.400     0.98448
 13148.600     0.99473
 13148.800     0.99433
 13149.000     0.99423
 13149.200     0.99430
 13149.400     0.99268
 13149.600     0.98953
 13149.800     0.98493
 13150.000     0.97291
 13150.200     0.93016
 13150.400     0.81098
 13150.600     0.64859
 13150.800     0.60426
 13151.000     0.72435
 13151.200     0.87535
 13151.400     0.95298
 13151.600     0.97525
 13151.800     0.98467
 13152.000     0.99054
 13152.200     0.98889
 13152.400     0.96674
 13152.600     0.92016
 13152.800     0.90242
 13153.000     0.94631
 13153.200     0.98656
 13153.400     0.99765
 13153.600     0.99905
 13153.800     0.99846
 13154.000     0.99341
 13154.200     0.97246
 13154.400     0.93620
 13154.600     0.92609
 13154.800     0.95944
 13155.000     0.98903
 13155.200     0.99750
 13155.400     0.99823
 13155.600     0.99805
 13155.800     0.99880
 13156.000     0.99956
 13156.200     0.99977
 13156.400     0.99980
 13156.600     0.99980
 13156.800     0.99980
 13157.000     0.99979
 13157.200     0.99976
 13157.400     0.99969
 13157.600     0.99956
 13157.800     0.99930
 13158.000     0.99885
 13158.200     0.99794
 13158.400     0.99551
 13158.600     0.99142
 13158.800     0.98948
 13159.000     0.99261
 13159.200     0.99655
 13159.400     0.99849
 13159.600     0.99921
 13159.800     0.99947
 13160.000     0.99949
 13160.200     0.99893
 13160.400     0.99715
 13160.600     0.99563
 13160.800     0.99670
 13161.000     0.99857
 13161.200     0.99911
 13161.400     0.99826
 13161.600     0.99710
 13161.800     0.99719
 13162.000     0.99818
 13162.200     0.99917
 13162.400     0.99967
 13162.600     0.99973
 13162.800     0.99944
 13163.000     0.99912
 13163.200     0.99919
 13163.400     0.99842
 13163.600     0.99444
 13163.800     0.98899
 13164.000     0.98872
 13164.200     0.99264
 13164.400     0.99388
 13164.600     0.98824
 13164.800     0.97927
 13165.000     0.97872
 13165.200     0.98699
 13165.400     0.99509
 13165.600     0.99878
 13165.800     0.99952
 13166.000     0.99902
 13166.200     0.99832
 13166.400     0.99852
 13166.600     0.99930
 13166.800     0.99975
 13167.000     0.99977
 13167.200     0.99897
 13167.400     0.99413
 13167.600     0.98126
 13167.800     0.97321
 13168.000     0.98432
 13168.200     0.99570
 13168.400     0.99832
 13168.600     0.99829
 13168.800     0.99677
 13169.000     0.99362
 13169.200     0.99154
 13169.400     0.99309
 13169.600     0.99617
 13169.800     0.99746
 13170.000     0.99736
 13170.200     0.99734
 13170.400     0.99616
 13170.600     0.99520
 13170.800     0.99710
 13171.000     0.99888
 13171.200     0.99912
 13171.400     0.99924
 13171.600     0.99960
 13171.800     0.99982
 13172.000     0.99977
 13172.200     0.99968
 13172.400     0.99968
 13172.600     0.99971
 13172.800     0.99981
 13173.000     0.99993
 13173.200     0.99998
 13173.400     0.99997
 13173.600     0.99993
 13173.800     0.99991
 13174.000     0.99988
 13174.200     0.99967
 13174.400     0.99919
 13174.600     0.99874
 13174.800     0.99850
 13175.000     0.99826
 13175.200     0.99787
 13175.400     0.99724
 13175.600     0.99622
 13175.800     0.99449
 13176.000     0.99094
 13176.200     0.98019
 13176.400     0.93958
 13176.600     0.82991
 13176.800     0.70031
 13177.000     0.70767
 13177.200     0.84295
 13177.400     0.94702
 13177.600     0.98243
 13177.800     0.99152
 13178.000     0.99451
 13178.200     0.99576
 13178.400     0.99660
 13178.600     0.99754
 13178.800     0.99826
 13179.000     0.99868
 13179.200     0.99903
 13179.400     0.99916
 13179.600     0.99907
 13179.800     0.99927
 13180.000     0.99952
 13180.200     0.99961
 13180.400     0.99969
 13180.600     0.99961
 13180.800     0.99919
 13181.000     0.99877
 13181.200     0.99900
 13181.400     0.99960
 13181.600     0.99989
 13181.800     0.99977
 13182.000     0.99868
 13182.200     0.99552
 13182.400     0.99332
 13182.600     0.99602
 13182.800     0.99902
 13183.000     0.99984
 13183.200     0.99989
 13183.400     0.99954
 13183.600     0.99882
 13183.800     0.99859
 13184.000     0.99923
 13184.200     0.99967
 13184.400     0.99961
 13184.600     0.99922
 13184.800     0.99848
 13185.000     0.99830
 13185.200     0.99912
 13185.400     0.99980
 13185.600     0.99990
 13185.800     0.99963
 13186.000     0.99916
 13186.200     0.99898
 13186.400     0.99927
 13186.600     0.99954
 13186.800     0.99963
 13187.000     0.99943
 13187.200     0.99912
 13187.400     0.99922
 13187.600     0.99964
 13187.800     0.99990
 13188.000     0.99997
 13188.200     0.99999
 13188.400     0.99999
 13188.600     0.99997
 13188.800     0.99994
 13189.000     0.99994
 13189.200     0.99997
 13189.400     0.99999
 13189.600     1.00000
 13189.800     1.00000
 13190.000     1.00000
