the number of points per synthesis =    901
start =   9920.000     stop =  10100.000     step =      0.200
  9920.000     1.00000
  9920.200     1.00000
  9920.400     1.00000
  9920.600     0.99927
  9920.800     0.99956
  9921.000     0.99941
  9921.200     0.99809
  9921.400     0.99616
  9921.600     0.99591
  9921.800     0.99517
  9922.000     0.98777
  9922.200     0.98444
  9922.400     0.99199
  9922.600     0.97585
  9922.800     0.94461
  9923.000     0.97166
  9923.200     0.98909
  9923.400     0.99596
  9923.600     0.99769
  9923.800     0.99036
  9924.000     0.96881
  9924.200     0.93063
  9924.400     0.91377
  9924.600     0.96801
  9924.800     0.99509
  9925.000     0.99328
  9925.200     0.99282
  9925.400     0.99465
  9925.600     0.99803
  9925.800     0.99946
  9926.000     0.99947
  9926.200     0.99934
  9926.400     0.99888
  9926.600     0.99004
  9926.800     0.97678
  9927.000     0.98754
  9927.200     0.97794
  9927.400     0.95469
  9927.600     0.97996
  9927.800     0.99685
  9928.000     0.99621
  9928.200     0.99313
  9928.400     0.99685
  9928.600     0.99887
  9928.800     0.99927
  9929.000     0.99907
  9929.200     0.99844
  9929.400     0.99884
  9929.600     0.99577
  9929.800     0.98956
  9930.000     0.99124
  9930.200     0.97930
  9930.400     0.95548
  9930.600     0.95948
  9930.800     0.93785
  9931.000     0.94295
  9931.200     0.93092
  9931.400     0.89798
  9931.600     0.95495
  9931.800     0.98815
  9932.000     0.99091
  9932.200     0.99483
  9932.400     0.99586
  9932.600     0.99685
  9932.800     0.99022
  9933.000     0.98145
  9933.200     0.99224
  9933.400     0.99875
  9933.600     0.99921
  9933.800     0.99934
  9934.000     0.99932
  9934.200     0.99728
  9934.400     0.99404
  9934.600     0.99632
  9934.800     0.99462
  9935.000     0.98892
  9935.200     0.99518
  9935.400     0.99955
  9935.600     0.99994
  9935.800     0.99980
  9936.000     0.99955
  9936.200     0.99869
  9936.400     0.99753
  9936.600     0.99826
  9936.800     0.99546
  9937.000     0.98818
  9937.200     0.99078
  9937.400     0.99734
  9937.600     0.99925
  9937.800     0.99920
  9938.000     0.99947
  9938.200     0.99905
  9938.400     0.99510
  9938.600     0.98927
  9938.800     0.99150
  9939.000     0.99678
  9939.200     0.99930
  9939.400     0.99976
  9939.600     0.99880
  9939.800     0.98931
  9940.000     0.97496
  9940.200     0.98748
  9940.400     0.99755
  9940.600     0.99487
  9940.800     0.98567
  9941.000     0.98661
  9941.200     0.99173
  9941.400     0.99024
  9941.600     0.99542
  9941.800     0.99542
  9942.000     0.99095
  9942.200     0.99562
  9942.400     0.99862
  9942.600     0.99879
  9942.800     0.99145
  9943.000     0.97923
  9943.200     0.98794
  9943.400     0.99298
  9943.600     0.98924
  9943.800     0.98848
  9944.000     0.95149
  9944.200     0.88964
  9944.400     0.95029
  9944.600     0.99420
  9944.800     0.99563
  9945.000     0.99067
  9945.200     0.99421
  9945.400     0.99673
  9945.600     0.99851
  9945.800     0.99919
  9946.000     0.99809
  9946.200     0.98964
  9946.400     0.97994
  9946.600     0.99101
  9946.800     0.99645
  9947.000     0.99559
  9947.200     0.99793
  9947.400     0.99735
  9947.600     0.99403
  9947.800     0.99628
  9948.000     0.99604
  9948.200     0.97961
  9948.400     0.96039
  9948.600     0.98147
  9948.800     0.98407
  9949.000     0.96551
  9949.200     0.98093
  9949.400     0.99367
  9949.600     0.98403
  9949.800     0.96853
  9950.000     0.98637
  9950.200     0.99838
  9950.400     0.99857
  9950.600     0.99509
  9950.800     0.99101
  9951.000     0.97312
  9951.200     0.94581
  9951.400     0.97677
  9951.600     0.99502
  9951.800     0.98567
  9952.000     0.97164
  9952.200     0.98320
  9952.400     0.99633
  9952.600     0.99962
  9952.800     0.99980
  9953.000     0.99881
  9953.200     0.98727
  9953.400     0.96857
  9953.600     0.98239
  9953.800     0.99660
  9954.000     0.99910
  9954.200     0.99344
  9954.400     0.98437
  9954.600     0.99240
  9954.800     0.99891
  9955.000     0.99929
  9955.200     0.99665
  9955.400     0.99400
  9955.600     0.99403
  9955.800     0.98406
  9956.000     0.97492
  9956.200     0.98091
  9956.400     0.97831
  9956.600     0.98884
  9956.800     0.99355
  9957.000     0.99573
  9957.200     0.99800
  9957.400     0.99302
  9957.600     0.98429
  9957.800     0.99174
  9958.000     0.99799
  9958.200     0.99869
  9958.400     0.99907
  9958.600     0.99728
  9958.800     0.99323
  9959.000     0.99222
  9959.200     0.99066
  9959.400     0.99608
  9959.600     0.99919
  9959.800     0.99966
  9960.000     0.99978
  9960.200     0.99949
  9960.400     0.99603
  9960.600     0.99048
  9960.800     0.99253
  9961.000     0.97805
  9961.200     0.94598
  9961.400     0.95670
  9961.600     0.98574
  9961.800     0.99726
  9962.000     0.99824
  9962.200     0.99717
  9962.400     0.99743
  9962.600     0.99901
  9962.800     0.99930
  9963.000     0.99885
  9963.200     0.99946
  9963.400     0.99957
  9963.600     0.99783
  9963.800     0.99580
  9964.000     0.99803
  9964.200     0.99593
  9964.400     0.98708
  9964.600     0.98166
  9964.800     0.97597
  9965.000     0.97537
  9965.200     0.99113
  9965.400     0.99917
  9965.600     0.99993
  9965.800     0.99994
  9966.000     0.99990
  9966.200     0.99919
  9966.400     0.99804
  9966.600     0.99804
  9966.800     0.98812
  9967.000     0.96990
  9967.200     0.97951
  9967.400     0.99020
  9967.600     0.99702
  9967.800     0.99963
  9968.000     0.99947
  9968.200     0.99888
  9968.400     0.99942
  9968.600     0.99963
  9968.800     0.99726
  9969.000     0.98820
  9969.200     0.98101
  9969.400     0.99179
  9969.600     0.99865
  9969.800     0.99842
  9970.000     0.99297
  9970.200     0.98598
  9970.400     0.99368
  9970.600     0.99893
  9970.800     0.99946
  9971.000     0.99871
  9971.200     0.99736
  9971.400     0.99785
  9971.600     0.99845
  9971.800     0.99899
  9972.000     0.99688
  9972.200     0.99311
  9972.400     0.99629
  9972.600     0.99929
  9972.800     0.99934
  9973.000     0.99398
  9973.200     0.98403
  9973.400     0.98852
  9973.600     0.99692
  9973.800     0.99947
  9974.000     0.99962
  9974.200     0.99784
  9974.400     0.98295
  9974.600     0.96351
  9974.800     0.98459
  9975.000     0.99817
  9975.200     0.99882
  9975.400     0.99743
  9975.600     0.98702
  9975.800     0.97006
  9976.000     0.98483
  9976.200     0.98952
  9976.400     0.97575
  9976.600     0.97843
  9976.800     0.99004
  9977.000     0.99747
  9977.200     0.99785
  9977.400     0.97900
  9977.600     0.94935
  9977.800     0.97277
  9978.000     0.99120
  9978.200     0.99032
  9978.400     0.99164
  9978.600     0.99739
  9978.800     0.99975
  9979.000     0.99987
  9979.200     0.99990
  9979.400     0.99995
  9979.600     0.99988
  9979.800     0.99953
  9980.000     0.99661
  9980.200     0.97072
  9980.400     0.93115
  9980.600     0.96386
  9980.800     0.99347
  9981.000     0.99812
  9981.200     0.99686
  9981.400     0.99792
  9981.600     0.99770
  9981.800     0.98209
  9982.000     0.95924
  9982.200     0.98159
  9982.400     0.99697
  9982.600     0.99907
  9982.800     0.99773
  9983.000     0.98277
  9983.200     0.96245
  9983.400     0.98308
  9983.600     0.99758
  9983.800     0.99690
  9984.000     0.99325
  9984.200     0.99213
  9984.400     0.98746
  9984.600     0.99436
  9984.800     0.99917
  9985.000     0.99940
  9985.200     0.99914
  9985.400     0.99941
  9985.600     0.99966
  9985.800     0.99948
  9986.000     0.99646
  9986.200     0.96585
  9986.400     0.91310
  9986.600     0.93598
  9986.800     0.96895
  9987.000     0.98988
  9987.200     0.99778
  9987.400     0.99756
  9987.600     0.99334
  9987.800     0.99043
  9988.000     0.99120
  9988.200     0.99543
  9988.400     0.99873
  9988.600     0.99944
  9988.800     0.99963
  9989.000     0.99932
  9989.200     0.99610
  9989.400     0.99162
  9989.600     0.99546
  9989.800     0.99796
  9990.000     0.99881
  9990.200     0.99946
  9990.400     0.99954
  9990.600     0.99967
  9990.800     0.99939
  9991.000     0.99614
  9991.200     0.99073
  9991.400     0.99140
  9991.600     0.98888
  9991.800     0.99464
  9992.000     0.99901
  9992.200     0.99941
  9992.400     0.99735
  9992.600     0.99299
  9992.800     0.98778
  9993.000     0.94049
  9993.200     0.87169
  9993.400     0.93416
  9993.600     0.97676
  9993.800     0.98746
  9994.000     0.99577
  9994.200     0.99601
  9994.400     0.99336
  9994.600     0.99556
  9994.800     0.99357
  9995.000     0.98691
  9995.200     0.98741
  9995.400     0.99572
  9995.600     0.99887
  9995.800     0.99288
  9996.000     0.98272
  9996.200     0.99025
  9996.400     0.99790
  9996.600     0.99927
  9996.800     0.99905
  9997.000     0.99896
  9997.200     0.99487
  9997.400     0.96203
  9997.600     0.91704
  9997.800     0.95436
  9998.000     0.97193
  9998.200     0.98876
  9998.400     0.99736
  9998.600     0.99207
  9998.800     0.98363
  9999.000     0.99263
  9999.200     0.99895
  9999.400     0.99821
  9999.600     0.99370
  9999.800     0.98532
 10000.000     0.97881
 10000.200     0.99167
 10000.400     0.99830
 10000.600     0.99622
 10000.800     0.99327
 10001.000     0.98112
 10001.200     0.95708
 10001.400     0.97260
 10001.600     0.99362
 10001.800     0.99863
 10002.000     0.99712
 10002.200     0.98557
 10002.400     0.96802
 10002.600     0.98527
 10002.800     0.99348
 10003.000     0.98607
 10003.200     0.98930
 10003.400     0.99690
 10003.600     0.99937
 10003.800     0.99949
 10004.000     0.99876
 10004.200     0.99378
 10004.400     0.98665
 10004.600     0.99434
 10004.800     0.99919
 10005.000     0.99921
 10005.200     0.99957
 10005.400     0.99930
 10005.600     0.99844
 10005.800     0.99910
 10006.000     0.99973
 10006.200     0.99982
 10006.400     0.99914
 10006.600     0.99404
 10006.800     0.98653
 10007.000     0.99224
 10007.200     0.99561
 10007.400     0.99767
 10007.600     0.99938
 10007.800     0.99972
 10008.000     0.99968
 10008.200     0.99841
 10008.400     0.98282
 10008.600     0.95040
 10008.800     0.95516
 10009.000     0.97946
 10009.200     0.98433
 10009.400     0.99332
 10009.600     0.99762
 10009.800     0.99714
 10010.000     0.99505
 10010.200     0.99587
 10010.400     0.99860
 10010.600     0.99956
 10010.800     0.99855
 10011.000     0.99699
 10011.200     0.99740
 10011.400     0.99590
 10011.600     0.98581
 10011.800     0.97916
 10012.000     0.99057
 10012.200     0.99742
 10012.400     0.99918
 10012.600     0.99983
 10012.800     0.99995
 10013.000     0.99990
 10013.200     0.99987
 10013.400     0.99975
 10013.600     0.99793
 10013.800     0.99502
 10014.000     0.99702
 10014.200     0.99929
 10014.400     0.99966
 10014.600     0.99768
 10014.800     0.99473
 10015.000     0.99770
 10015.200     0.99931
 10015.400     0.99647
 10015.600     0.99213
 10015.800     0.99578
 10016.000     0.99917
 10016.200     0.99975
 10016.400     0.99944
 10016.600     0.99853
 10016.800     0.99838
 10017.000     0.99789
 10017.200     0.98810
 10017.400     0.97262
 10017.600     0.98793
 10017.800     0.99832
 10018.000     0.99785
 10018.200     0.99628
 10018.400     0.99710
 10018.600     0.99396
 10018.800     0.98772
 10019.000     0.99329
 10019.200     0.99681
 10019.400     0.99635
 10019.600     0.98119
 10019.800     0.95182
 10020.000     0.96119
 10020.200     0.98475
 10020.400     0.99618
 10020.600     0.99274
 10020.800     0.98214
 10021.000     0.98595
 10021.200     0.99302
 10021.400     0.99605
 10021.600     0.98964
 10021.800     0.98192
 10022.000     0.99071
 10022.200     0.99503
 10022.400     0.99805
 10022.600     0.99970
 10022.800     0.99951
 10023.000     0.99884
 10023.200     0.99882
 10023.400     0.99591
 10023.600     0.99106
 10023.800     0.99598
 10024.000     0.99940
 10024.200     0.99982
 10024.400     0.99963
 10024.600     0.99939
 10024.800     0.99904
 10025.000     0.99721
 10025.200     0.99545
 10025.400     0.99352
 10025.600     0.98117
 10025.800     0.96401
 10026.000     0.97513
 10026.200     0.99104
 10026.400     0.99804
 10026.600     0.99939
 10026.800     0.99928
 10027.000     0.99941
 10027.200     0.99702
 10027.400     0.99290
 10027.600     0.99635
 10027.800     0.99871
 10028.000     0.99602
 10028.200     0.98059
 10028.400     0.96274
 10028.600     0.98462
 10028.800     0.99835
 10029.000     0.99897
 10029.200     0.99720
 10029.400     0.98949
 10029.600     0.98222
 10029.800     0.99178
 10030.000     0.99726
 10030.200     0.99893
 10030.400     0.99943
 10030.600     0.99904
 10030.800     0.99830
 10031.000     0.99801
 10031.200     0.99763
 10031.400     0.99005
 10031.600     0.97743
 10031.800     0.97589
 10032.000     0.98000
 10032.200     0.99277
 10032.400     0.99789
 10032.600     0.99198
 10032.800     0.98452
 10033.000     0.99267
 10033.200     0.99878
 10033.400     0.99943
 10033.600     0.99950
 10033.800     0.99923
 10034.000     0.99680
 10034.200     0.98776
 10034.400     0.97807
 10034.600     0.98317
 10034.800     0.99427
 10035.000     0.99886
 10035.200     0.99933
 10035.400     0.99734
 10035.600     0.98546
 10035.800     0.97275
 10036.000     0.98723
 10036.200     0.98889
 10036.400     0.91497
 10036.600     0.79544
 10036.800     0.89298
 10037.000     0.98228
 10037.200     0.99836
 10037.400     0.99944
 10037.600     0.99943
 10037.800     0.99948
 10038.000     0.99800
 10038.200     0.99512
 10038.400     0.99608
 10038.600     0.99866
 10038.800     0.99883
 10039.000     0.99636
 10039.200     0.99267
 10039.400     0.98916
 10039.600     0.99208
 10039.800     0.99658
 10040.000     0.98873
 10040.200     0.97436
 10040.400     0.98878
 10040.600     0.99865
 10040.800     0.99918
 10041.000     0.99835
 10041.200     0.98798
 10041.400     0.97123
 10041.600     0.98348
 10041.800     0.99664
 10042.000     0.99957
 10042.200     0.99987
 10042.400     0.99978
 10042.600     0.99969
 10042.800     0.99988
 10043.000     0.99967
 10043.200     0.99682
 10043.400     0.99290
 10043.600     0.99693
 10043.800     0.99957
 10044.000     0.99959
 10044.200     0.99920
 10044.400     0.99933
 10044.600     0.99970
 10044.800     0.99898
 10045.000     0.99101
 10045.200     0.97880
 10045.400     0.98895
 10045.600     0.99708
 10045.800     0.99739
 10046.000     0.99677
 10046.200     0.98816
 10046.400     0.97037
 10046.600     0.97884
 10046.800     0.98771
 10047.000     0.97918
 10047.200     0.97832
 10047.400     0.97834
 10047.600     0.97560
 10047.800     0.97115
 10048.000     0.96449
 10048.200     0.95446
 10048.400     0.92749
 10048.600     0.87596
 10048.800     0.85396
 10049.000     0.84067
 10049.200     0.81629
 10049.400     0.80552
 10049.600     0.82251
 10049.800     0.86284
 10050.000     0.90290
 10050.200     0.92984
 10050.400     0.94959
 10050.600     0.96116
 10050.800     0.96646
 10051.000     0.96962
 10051.200     0.97496
 10051.400     0.97913
 10051.600     0.98216
 10051.800     0.98729
 10052.000     0.99611
 10052.200     0.99931
 10052.400     0.99889
 10052.600     0.99907
 10052.800     0.99968
 10053.000     0.99948
 10053.200     0.99877
 10053.400     0.99919
 10053.600     0.99981
 10053.800     0.99998
 10054.000     0.99987
 10054.200     0.99951
 10054.400     0.99907
 10054.600     0.99865
 10054.800     0.99626
 10055.000     0.98511
 10055.200     0.97524
 10055.400     0.98907
 10055.600     0.99717
 10055.800     0.99196
 10056.000     0.97906
 10056.200     0.97721
 10056.400     0.99209
 10056.600     0.99868
 10056.800     0.99809
 10057.000     0.98816
 10057.200     0.97060
 10057.400     0.95294
 10057.600     0.90521
 10057.800     0.93652
 10058.000     0.98035
 10058.200     0.98734
 10058.400     0.99456
 10058.600     0.99928
 10058.800     0.99982
 10059.000     0.99986
 10059.200     0.99987
 10059.400     0.99975
 10059.600     0.99733
 10059.800     0.99116
 10060.000     0.99004
 10060.200     0.99640
 10060.400     0.99955
 10060.600     0.99967
 10060.800     0.99845
 10061.000     0.98609
 10061.200     0.96708
 10061.400     0.98464
 10061.600     0.99786
 10061.800     0.99933
 10062.000     0.99960
 10062.200     0.99984
 10062.400     0.99944
 10062.600     0.99852
 10062.800     0.99752
 10063.000     0.99431
 10063.200     0.98087
 10063.400     0.95287
 10063.600     0.95783
 10063.800     0.98406
 10064.000     0.99235
 10064.200     0.99622
 10064.400     0.99724
 10064.600     0.98544
 10064.800     0.88564
 10065.000     0.72787
 10065.200     0.83066
 10065.400     0.95984
 10065.600     0.99444
 10065.800     0.99838
 10066.000     0.99901
 10066.200     0.99867
 10066.400     0.99695
 10066.600     0.99619
 10066.800     0.99700
 10067.000     0.99612
 10067.200     0.99817
 10067.400     0.99928
 10067.600     0.99763
 10067.800     0.99319
 10068.000     0.98418
 10068.200     0.95387
 10068.400     0.93305
 10068.600     0.97377
 10068.800     0.99524
 10069.000     0.99248
 10069.200     0.99222
 10069.400     0.99717
 10069.600     0.99823
 10069.800     0.99651
 10070.000     0.99748
 10070.200     0.99775
 10070.400     0.99550
 10070.600     0.99350
 10070.800     0.99449
 10071.000     0.99304
 10071.200     0.99694
 10071.400     0.99927
 10071.600     0.99889
 10071.800     0.99865
 10072.000     0.99910
 10072.200     0.99975
 10072.400     0.99998
 10072.600     1.00000
 10072.800     1.00000
 10073.000     1.00000
 10073.200     1.00000
 10073.400     0.99999
 10073.600     0.99979
 10073.800     0.99787
 10074.000     0.99440
 10074.200     0.99562
 10074.400     0.99856
 10074.600     0.99892
 10074.800     0.99485
 10075.000     0.98915
 10075.200     0.99504
 10075.400     0.99856
 10075.600     0.99771
 10075.800     0.99851
 10076.000     0.99852
 10076.200     0.99733
 10076.400     0.99692
 10076.600     0.99054
 10076.800     0.97913
 10077.000     0.97889
 10077.200     0.97183
 10077.400     0.98824
 10077.600     0.99830
 10077.800     0.99869
 10078.000     0.99937
 10078.200     0.99928
 10078.400     0.99241
 10078.600     0.97598
 10078.800     0.96412
 10079.000     0.96010
 10079.200     0.98369
 10079.400     0.99775
 10079.600     0.99975
 10079.800     0.99988
 10080.000     0.99833
 10080.200     0.98596
 10080.400     0.96984
 10080.600     0.98723
 10080.800     0.99645
 10081.000     0.99256
 10081.200     0.97874
 10081.400     0.95605
 10081.600     0.98154
 10081.800     0.99833
 10082.000     0.99876
 10082.200     0.99543
 10082.400     0.99049
 10082.600     0.99176
 10082.800     0.99697
 10083.000     0.99420
 10083.200     0.98681
 10083.400     0.99394
 10083.600     0.99887
 10083.800     0.99807
 10084.000     0.99116
 10084.200     0.96432
 10084.400     0.94086
 10084.600     0.97491
 10084.800     0.98284
 10085.000     0.96201
 10085.200     0.96875
 10085.400     0.97101
 10085.600     0.98891
 10085.800     0.99745
 10086.000     0.98488
 10086.200     0.96648
 10086.400     0.98467
 10086.600     0.99695
 10086.800     0.99783
 10087.000     0.99780
 10087.200     0.98967
 10087.400     0.97514
 10087.600     0.98327
 10087.800     0.99594
 10088.000     0.99915
 10088.200     0.99878
 10088.400     0.99937
 10088.600     0.99986
 10088.800     0.99965
 10089.000     0.99803
 10089.200     0.99596
 10089.400     0.99471
 10089.600     0.97087
 10089.800     0.93890
 10090.000     0.97458
 10090.200     0.99770
 10090.400     0.99940
 10090.600     0.99959
 10090.800     0.99925
 10091.000     0.99833
 10091.200     0.99776
 10091.400     0.98929
 10091.600     0.97475
 10091.800     0.98446
 10092.000     0.98649
 10092.200     0.98242
 10092.400     0.99004
 10092.600     0.99353
 10092.800     0.99553
 10093.000     0.99740
 10093.200     0.98917
 10093.400     0.97338
 10093.600     0.98074
 10093.800     0.99493
 10094.000     0.99929
 10094.200     0.99938
 10094.400     0.99965
 10094.600     0.99989
 10094.800     0.99997
 10095.000     0.99965
 10095.200     0.99550
 10095.400     0.98922
 10095.600     0.99509
 10095.800     0.99947
 10096.000     0.99998
 10096.200     0.99994
 10096.400     0.99925
 10096.600     0.99587
 10096.800     0.99211
 10097.000     0.99592
 10097.200     0.99918
 10097.400     0.99947
 10097.600     0.99851
 10097.800     0.99640
 10098.000     0.99479
 10098.200     0.99413
 10098.400     0.98853
 10098.600     0.99003
 10098.800     0.99655
 10099.000     0.99707
 10099.200     0.99416
 10099.400     0.99743
 10099.600     1.00000
 10099.800     1.00000
 10100.000     1.00000
