the number of points per synthesis =   1501
start =  12600.000     stop =  12900.000     step =      0.200
 12600.000     1.00000
 12600.200     1.00000
 12600.400     1.00000
 12600.600     0.99523
 12600.800     0.99598
 12601.000     0.98584
 12601.200     0.95528
 12601.400     0.92173
 12601.600     0.92869
 12601.800     0.96384
 12602.000     0.98670
 12602.200     0.99475
 12602.400     0.99797
 12602.600     0.99915
 12602.800     0.99932
 12603.000     0.99879
 12603.200     0.99729
 12603.400     0.99491
 12603.600     0.98931
 12603.800     0.98270
 12604.000     0.98619
 12604.200     0.99482
 12604.400     0.99907
 12604.600     0.99984
 12604.800     0.99983
 12605.000     0.99958
 12605.200     0.99912
 12605.400     0.99849
 12605.600     0.99764
 12605.800     0.99716
 12606.000     0.99595
 12606.200     0.98823
 12606.400     0.97923
 12606.600     0.98409
 12606.800     0.99432
 12607.000     0.99890
 12607.200     0.99978
 12607.400     0.99983
 12607.600     0.99960
 12607.800     0.99936
 12608.000     0.99931
 12608.200     0.99836
 12608.400     0.99587
 12608.600     0.99451
 12608.800     0.99607
 12609.000     0.99685
 12609.200     0.99650
 12609.400     0.99732
 12609.600     0.99790
 12609.800     0.99697
 12610.000     0.99471
 12610.200     0.99247
 12610.400     0.98976
 12610.600     0.98015
 12610.800     0.96391
 12611.000     0.95804
 12611.200     0.97014
 12611.400     0.98287
 12611.600     0.99089
 12611.800     0.99551
 12612.000     0.99723
 12612.200     0.99778
 12612.400     0.99802
 12612.600     0.99807
 12612.800     0.99784
 12613.000     0.99695
 12613.200     0.99439
 12613.400     0.98911
 12613.600     0.97300
 12613.800     0.92714
 12614.000     0.87220
 12614.200     0.87515
 12614.400     0.93173
 12614.600     0.97610
 12614.800     0.99220
 12615.000     0.99645
 12615.200     0.99708
 12615.400     0.99104
 12615.600     0.95862
 12615.800     0.89507
 12616.000     0.87412
 12616.200     0.93345
 12616.400     0.98254
 12616.600     0.99586
 12616.800     0.99897
 12617.000     0.99962
 12617.200     0.99967
 12617.400     0.99976
 12617.600     0.99985
 12617.800     0.99982
 12618.000     0.99951
 12618.200     0.99906
 12618.400     0.99909
 12618.600     0.99930
 12618.800     0.99878
 12619.000     0.99803
 12619.200     0.99627
 12619.400     0.98865
 12619.600     0.98235
 12619.800     0.98965
 12620.000     0.99771
 12620.200     0.99978
 12620.400     0.99999
 12620.600     1.00000
 12620.800     1.00000
 12621.000     0.99997
 12621.200     0.99975
 12621.400     0.99894
 12621.600     0.99799
 12621.800     0.99798
 12622.000     0.99839
 12622.200     0.99887
 12622.400     0.99948
 12622.600     0.99982
 12622.800     0.99985
 12623.000     0.99950
 12623.200     0.99759
 12623.400     0.99269
 12623.600     0.98935
 12623.800     0.99182
 12624.000     0.99352
 12624.200     0.99414
 12624.400     0.99621
 12624.600     0.99826
 12624.800     0.99920
 12625.000     0.99950
 12625.200     0.99914
 12625.400     0.99756
 12625.600     0.99518
 12625.800     0.99470
 12626.000     0.99689
 12626.200     0.99861
 12626.400     0.99886
 12626.600     0.99746
 12626.800     0.99580
 12627.000     0.99564
 12627.200     0.98797
 12627.400     0.95320
 12627.600     0.91016
 12627.800     0.92088
 12628.000     0.96581
 12628.200     0.99095
 12628.400     0.99634
 12628.600     0.99712
 12628.800     0.99741
 12629.000     0.99817
 12629.200     0.99819
 12629.400     0.99785
 12629.600     0.99859
 12629.800     0.99922
 12630.000     0.99833
 12630.200     0.99533
 12630.400     0.99346
 12630.600     0.99587
 12630.800     0.99829
 12631.000     0.99797
 12631.200     0.99145
 12631.400     0.97828
 12631.600     0.97226
 12631.800     0.97950
 12632.000     0.98787
 12632.200     0.99309
 12632.400     0.99321
 12632.600     0.99199
 12632.800     0.99548
 12633.000     0.99887
 12633.200     0.99970
 12633.400     0.99968
 12633.600     0.99954
 12633.800     0.99890
 12634.000     0.99685
 12634.200     0.99502
 12634.400     0.99576
 12634.600     0.99644
 12634.800     0.99690
 12635.000     0.99816
 12635.200     0.99929
 12635.400     0.99957
 12635.600     0.99949
 12635.800     0.99969
 12636.000     0.99991
 12636.200     0.99993
 12636.400     0.99982
 12636.600     0.99958
 12636.800     0.99876
 12637.000     0.99733
 12637.200     0.99694
 12637.400     0.99802
 12637.600     0.99858
 12637.800     0.99756
 12638.000     0.99228
 12638.200     0.96767
 12638.400     0.87572
 12638.600     0.74048
 12638.800     0.73972
 12639.000     0.87675
 12639.200     0.97084
 12639.400     0.99404
 12639.600     0.99772
 12639.800     0.99804
 12640.000     0.99538
 12640.200     0.98713
 12640.400     0.98143
 12640.600     0.98729
 12640.800     0.98865
 12641.000     0.98515
 12641.200     0.99033
 12641.400     0.99674
 12641.600     0.99908
 12641.800     0.99967
 12642.000     0.99975
 12642.200     0.99975
 12642.400     0.99981
 12642.600     0.99983
 12642.800     0.99979
 12643.000     0.99981
 12643.200     0.99984
 12643.400     0.99985
 12643.600     0.99984
 12643.800     0.99976
 12644.000     0.99949
 12644.200     0.99881
 12644.400     0.99762
 12644.600     0.99495
 12644.800     0.99219
 12645.000     0.99423
 12645.200     0.99793
 12645.400     0.99947
 12645.600     0.99969
 12645.800     0.99979
 12646.000     0.99990
 12646.200     0.99991
 12646.400     0.99987
 12646.600     0.99982
 12646.800     0.99973
 12647.000     0.99947
 12647.200     0.99917
 12647.400     0.99903
 12647.600     0.99831
 12647.800     0.99673
 12648.000     0.99459
 12648.200     0.98470
 12648.400     0.93528
 12648.600     0.83653
 12648.800     0.80377
 12649.000     0.89808
 12649.200     0.97762
 12649.400     0.99670
 12649.600     0.99794
 12649.800     0.99665
 12650.000     0.99548
 12650.200     0.99205
 12650.400     0.98416
 12650.600     0.98162
 12650.800     0.98719
 12651.000     0.99093
 12651.200     0.99455
 12651.400     0.99736
 12651.600     0.99852
 12651.800     0.99910
 12652.000     0.99900
 12652.200     0.99753
 12652.400     0.99350
 12652.600     0.98958
 12652.800     0.99099
 12653.000     0.99611
 12653.200     0.99919
 12653.400     0.99984
 12653.600     0.99990
 12653.800     0.99988
 12654.000     0.99978
 12654.200     0.99969
 12654.400     0.99973
 12654.600     0.99969
 12654.800     0.99912
 12655.000     0.99557
 12655.200     0.98276
 12655.400     0.96553
 12655.600     0.96627
 12655.800     0.98372
 12656.000     0.99500
 12656.200     0.99781
 12656.400     0.99882
 12656.600     0.99856
 12656.800     0.99762
 12657.000     0.99736
 12657.200     0.99742
 12657.400     0.99839
 12657.600     0.99913
 12657.800     0.99920
 12658.000     0.99941
 12658.200     0.99951
 12658.400     0.99881
 12658.600     0.99806
 12658.800     0.99873
 12659.000     0.99958
 12659.200     0.99984
 12659.400     0.99977
 12659.600     0.99913
 12659.800     0.99780
 12660.000     0.99721
 12660.200     0.99817
 12660.400     0.99900
 12660.600     0.99912
 12660.800     0.99863
 12661.000     0.99783
 12661.200     0.99791
 12661.400     0.99843
 12661.600     0.99912
 12661.800     0.99970
 12662.000     0.99983
 12662.200     0.99973
 12662.400     0.99964
 12662.600     0.99954
 12662.800     0.99960
 12663.000     0.99976
 12663.200     0.99979
 12663.400     0.99973
 12663.600     0.99937
 12663.800     0.99875
 12664.000     0.99871
 12664.200     0.99929
 12664.400     0.99968
 12664.600     0.99980
 12664.800     0.99990
 12665.000     0.99997
 12665.200     0.99999
 12665.400     0.99998
 12665.600     0.99988
 12665.800     0.99962
 12666.000     0.99861
 12666.200     0.99587
 12666.400     0.99265
 12666.600     0.98747
 12666.800     0.97832
 12667.000     0.97460
 12667.200     0.97980
 12667.400     0.99001
 12667.600     0.99610
 12667.800     0.99758
 12668.000     0.99698
 12668.200     0.99626
 12668.400     0.99639
 12668.600     0.99666
 12668.800     0.99766
 12669.000     0.99890
 12669.200     0.99917
 12669.400     0.99857
 12669.600     0.99802
 12669.800     0.99579
 12670.000     0.98815
 12670.200     0.98273
 12670.400     0.98812
 12670.600     0.98921
 12670.800     0.98284
 12671.000     0.98226
 12671.200     0.98683
 12671.400     0.99089
 12671.600     0.99343
 12671.800     0.99682
 12672.000     0.99921
 12672.200     0.99987
 12672.400     0.99997
 12672.600     0.99987
 12672.800     0.99950
 12673.000     0.99921
 12673.200     0.99947
 12673.400     0.99977
 12673.600     0.99991
 12673.800     0.99996
 12674.000     0.99996
 12674.200     0.99998
 12674.400     1.00000
 12674.600     1.00000
 12674.800     0.99998
 12675.000     0.99985
 12675.200     0.99938
 12675.400     0.99885
 12675.600     0.99841
 12675.800     0.99758
 12676.000     0.99733
 12676.200     0.99764
 12676.400     0.99783
 12676.600     0.99834
 12676.800     0.99758
 12677.000     0.99580
 12677.200     0.99570
 12677.400     0.99697
 12677.600     0.99730
 12677.800     0.99607
 12678.000     0.99418
 12678.200     0.99137
 12678.400     0.98170
 12678.600     0.95504
 12678.800     0.90117
 12679.000     0.82179
 12679.200     0.78119
 12679.400     0.84444
 12679.600     0.93210
 12679.800     0.97512
 12680.000     0.98684
 12680.200     0.98889
 12680.400     0.98986
 12680.600     0.98930
 12680.800     0.99003
 12681.000     0.99356
 12681.200     0.99592
 12681.400     0.99491
 12681.600     0.99373
 12681.800     0.99556
 12682.000     0.99720
 12682.200     0.99761
 12682.400     0.99742
 12682.600     0.99691
 12682.800     0.99557
 12683.000     0.99362
 12683.200     0.99090
 12683.400     0.98430
 12683.600     0.97428
 12683.800     0.97177
 12684.000     0.98120
 12684.200     0.99089
 12684.400     0.99535
 12684.600     0.99710
 12684.800     0.99789
 12685.000     0.99789
 12685.200     0.99607
 12685.400     0.99433
 12685.600     0.99586
 12685.800     0.99621
 12686.000     0.99296
 12686.200     0.99165
 12686.400     0.99519
 12686.600     0.99753
 12686.800     0.99763
 12687.000     0.99838
 12687.200     0.99827
 12687.400     0.99622
 12687.600     0.99216
 12687.800     0.98610
 12688.000     0.98507
 12688.200     0.99221
 12688.400     0.99663
 12688.600     0.99651
 12688.800     0.99727
 12689.000     0.99880
 12689.200     0.99962
 12689.400     0.99987
 12689.600     0.99986
 12689.800     0.99979
 12690.000     0.99971
 12690.200     0.99933
 12690.400     0.99867
 12690.600     0.99757
 12690.800     0.99504
 12691.000     0.99197
 12691.200     0.99088
 12691.400     0.99344
 12691.600     0.99685
 12691.800     0.99897
 12692.000     0.99978
 12692.200     0.99996
 12692.400     0.99998
 12692.600     0.99978
 12692.800     0.99897
 12693.000     0.99814
 12693.200     0.99838
 12693.400     0.99867
 12693.600     0.99897
 12693.800     0.99948
 12694.000     0.99897
 12694.200     0.99558
 12694.400     0.99220
 12694.600     0.99466
 12694.800     0.99832
 12695.000     0.99935
 12695.200     0.99913
 12695.400     0.99917
 12695.600     0.99954
 12695.800     0.99951
 12696.000     0.99878
 12696.200     0.99704
 12696.400     0.99575
 12696.600     0.99744
 12696.800     0.99929
 12697.000     0.99977
 12697.200     0.99987
 12697.400     0.99980
 12697.600     0.99815
 12697.800     0.99112
 12698.000     0.98376
 12698.200     0.98786
 12698.400     0.99426
 12698.600     0.99238
 12698.800     0.98047
 12699.000     0.97182
 12699.200     0.98332
 12699.400     0.99590
 12699.600     0.99939
 12699.800     0.99984
 12700.000     0.99989
 12700.200     0.99988
 12700.400     0.99986
 12700.600     0.99990
 12700.800     0.99992
 12701.000     0.99982
 12701.200     0.99964
 12701.400     0.99957
 12701.600     0.99970
 12701.800     0.99973
 12702.000     0.99971
 12702.200     0.99979
 12702.400     0.99982
 12702.600     0.99963
 12702.800     0.99906
 12703.000     0.99834
 12703.200     0.99804
 12703.400     0.99779
 12703.600     0.99761
 12703.800     0.99856
 12704.000     0.99951
 12704.200     0.99978
 12704.400     0.99985
 12704.600     0.99989
 12704.800     0.99990
 12705.000     0.99989
 12705.200     0.99981
 12705.400     0.99944
 12705.600     0.99871
 12705.800     0.99831
 12706.000     0.99865
 12706.200     0.99912
 12706.400     0.99950
 12706.600     0.99955
 12706.800     0.99890
 12707.000     0.99815
 12707.200     0.99841
 12707.400     0.99914
 12707.600     0.99964
 12707.800     0.99975
 12708.000     0.99943
 12708.200     0.99852
 12708.400     0.99782
 12708.600     0.99839
 12708.800     0.99846
 12709.000     0.99769
 12709.200     0.99759
 12709.400     0.99827
 12709.600     0.99898
 12709.800     0.99870
 12710.000     0.99812
 12710.200     0.99883
 12710.400     0.99967
 12710.600     0.99987
 12710.800     0.99979
 12711.000     0.99934
 12711.200     0.99750
 12711.400     0.99481
 12711.600     0.99437
 12711.800     0.99538
 12712.000     0.99282
 12712.200     0.98819
 12712.400     0.98968
 12712.600     0.99405
 12712.800     0.99617
 12713.000     0.99781
 12713.200     0.99914
 12713.400     0.99966
 12713.600     0.99981
 12713.800     0.99987
 12714.000     0.99989
 12714.200     0.99990
 12714.400     0.99974
 12714.600     0.99794
 12714.800     0.99060
 12715.000     0.98310
 12715.200     0.98778
 12715.400     0.99589
 12715.600     0.99911
 12715.800     0.99972
 12716.000     0.99987
 12716.200     0.99994
 12716.400     0.99989
 12716.600     0.99964
 12716.800     0.99898
 12717.000     0.99806
 12717.200     0.99805
 12717.400     0.99908
 12717.600     0.99982
 12717.800     0.99998
 12718.000     1.00000
 12718.200     0.99999
 12718.400     0.99997
 12718.600     0.99993
 12718.800     0.99993
 12719.000     0.99997
 12719.200     0.99997
 12719.400     0.99989
 12719.600     0.99921
 12719.800     0.99450
 12720.000     0.98070
 12720.200     0.97147
 12720.400     0.98390
 12720.600     0.99620
 12720.800     0.99860
 12721.000     0.99868
 12721.200     0.99873
 12721.400     0.99718
 12721.600     0.99258
 12721.800     0.98993
 12722.000     0.99425
 12722.200     0.99811
 12722.400     0.99871
 12722.600     0.99907
 12722.800     0.99961
 12723.000     0.99988
 12723.200     0.99992
 12723.400     0.99993
 12723.600     0.99997
 12723.800     0.99999
 12724.000     0.99997
 12724.200     0.99988
 12724.400     0.99958
 12724.600     0.99889
 12724.800     0.99848
 12725.000     0.99884
 12725.200     0.99887
 12725.400     0.99868
 12725.600     0.99873
 12725.800     0.99765
 12726.000     0.99468
 12726.200     0.99137
 12726.400     0.99049
 12726.600     0.99056
 12726.800     0.98585
 12727.000     0.98094
 12727.200     0.98592
 12727.400     0.99250
 12727.600     0.99695
 12727.800     0.99933
 12728.000     0.99986
 12728.200     0.99990
 12728.400     0.99990
 12728.600     0.99990
 12728.800     0.99992
 12729.000     0.99987
 12729.200     0.99953
 12729.400     0.99866
 12729.600     0.99604
 12729.800     0.99018
 12730.000     0.98683
 12730.200     0.99186
 12730.400     0.99717
 12730.600     0.99754
 12730.800     0.99659
 12731.000     0.99792
 12731.200     0.99944
 12731.400     0.99980
 12731.600     0.99952
 12731.800     0.99789
 12732.000     0.99394
 12732.200     0.99121
 12732.400     0.99331
 12732.600     0.99551
 12732.800     0.99676
 12733.000     0.99851
 12733.200     0.99911
 12733.400     0.99677
 12733.600     0.98935
 12733.800     0.98398
 12734.000     0.99045
 12734.200     0.99614
 12734.400     0.99631
 12734.600     0.99734
 12734.800     0.99893
 12735.000     0.99954
 12735.200     0.99960
 12735.400     0.99816
 12735.600     0.99078
 12735.800     0.97737
 12736.000     0.97226
 12736.200     0.97719
 12736.400     0.98054
 12736.600     0.98937
 12736.800     0.99742
 12737.000     0.99949
 12737.200     0.99955
 12737.400     0.99950
 12737.600     0.99947
 12737.800     0.99869
 12738.000     0.99423
 12738.200     0.97957
 12738.400     0.96508
 12738.600     0.97044
 12738.800     0.98149
 12739.000     0.98965
 12739.200     0.99354
 12739.400     0.99598
 12739.600     0.99651
 12739.800     0.98648
 12740.000     0.95310
 12740.200     0.92614
 12740.400     0.95221
 12740.600     0.98447
 12740.800     0.99251
 12741.000     0.99309
 12741.200     0.99597
 12741.400     0.99727
 12741.600     0.99592
 12741.800     0.99507
 12742.000     0.99586
 12742.200     0.99791
 12742.400     0.99930
 12742.600     0.99927
 12742.800     0.99440
 12743.000     0.97330
 12743.200     0.95017
 12743.400     0.96185
 12743.600     0.98577
 12743.800     0.99611
 12744.000     0.99869
 12744.200     0.99926
 12744.400     0.99844
 12744.600     0.99453
 12744.800     0.98792
 12745.000     0.98711
 12745.200     0.99388
 12745.400     0.99875
 12745.600     0.99976
 12745.800     0.99982
 12746.000     0.99933
 12746.200     0.99611
 12746.400     0.98891
 12746.600     0.98577
 12746.800     0.99249
 12747.000     0.99829
 12747.200     0.99912
 12747.400     0.99832
 12747.600     0.99784
 12747.800     0.99791
 12748.000     0.99684
 12748.200     0.99552
 12748.400     0.99663
 12748.600     0.99836
 12748.800     0.99879
 12749.000     0.99807
 12749.200     0.99570
 12749.400     0.99010
 12749.600     0.98214
 12749.800     0.97962
 12750.000     0.98708
 12750.200     0.99518
 12750.400     0.99837
 12750.600     0.99878
 12750.800     0.99850
 12751.000     0.99854
 12751.200     0.99912
 12751.400     0.99937
 12751.600     0.99895
 12751.800     0.99835
 12752.000     0.99842
 12752.200     0.99926
 12752.400     0.99977
 12752.600     0.99980
 12752.800     0.99985
 12753.000     0.99988
 12753.200     0.99976
 12753.400     0.99963
 12753.600     0.99962
 12753.800     0.99946
 12754.000     0.99891
 12754.200     0.99710
 12754.400     0.99497
 12754.600     0.99588
 12754.800     0.99829
 12755.000     0.99960
 12755.200     0.99994
 12755.400     0.99994
 12755.600     0.99988
 12755.800     0.99983
 12756.000     0.99982
 12756.200     0.99988
 12756.400     0.99993
 12756.600     0.99982
 12756.800     0.99872
 12757.000     0.99449
 12757.200     0.99030
 12757.400     0.99301
 12757.600     0.99747
 12757.800     0.99854
 12758.000     0.99673
 12758.200     0.99381
 12758.400     0.99243
 12758.600     0.99407
 12758.800     0.99677
 12759.000     0.99784
 12759.200     0.99840
 12759.400     0.99929
 12759.600     0.99979
 12759.800     0.99959
 12760.000     0.99845
 12760.200     0.99743
 12760.400     0.99828
 12760.600     0.99907
 12760.800     0.99819
 12761.000     0.99672
 12761.200     0.99561
 12761.400     0.99458
 12761.600     0.99592
 12761.800     0.99800
 12762.000     0.99833
 12762.200     0.99800
 12762.400     0.99883
 12762.600     0.99970
 12762.800     0.99995
 12763.000     0.99997
 12763.200     0.99996
 12763.400     0.99992
 12763.600     0.99925
 12763.800     0.99581
 12764.000     0.98901
 12764.200     0.98669
 12764.400     0.99316
 12764.600     0.99846
 12764.800     0.99925
 12765.000     0.99834
 12765.200     0.99776
 12765.400     0.99856
 12765.600     0.99943
 12765.800     0.99976
 12766.000     0.99984
 12766.200     0.99984
 12766.400     0.99988
 12766.600     0.99984
 12766.800     0.99978
 12767.000     0.99981
 12767.200     0.99979
 12767.400     0.99973
 12767.600     0.99981
 12767.800     0.99990
 12768.000     0.99993
 12768.200     0.99982
 12768.400     0.99954
 12768.600     0.99932
 12768.800     0.99949
 12769.000     0.99970
 12769.200     0.99976
 12769.400     0.99983
 12769.600     0.99989
 12769.800     0.99990
 12770.000     0.99993
 12770.200     0.99994
 12770.400     0.99982
 12770.600     0.99952
 12770.800     0.99938
 12771.000     0.99954
 12771.200     0.99966
 12771.400     0.99976
 12771.600     0.99988
 12771.800     0.99992
 12772.000     0.99991
 12772.200     0.99991
 12772.400     0.99983
 12772.600     0.99958
 12772.800     0.99896
 12773.000     0.99744
 12773.200     0.99624
 12773.400     0.99724
 12773.600     0.99756
 12773.800     0.99706
 12774.000     0.99802
 12774.200     0.99877
 12774.400     0.99842
 12774.600     0.99788
 12774.800     0.99750
 12775.000     0.99750
 12775.200     0.99805
 12775.400     0.99847
 12775.600     0.99748
 12775.800     0.99163
 12776.000     0.98557
 12776.200     0.98963
 12776.400     0.99503
 12776.600     0.99293
 12776.800     0.98984
 12777.000     0.99404
 12777.200     0.99861
 12777.400     0.99979
 12777.600     0.99970
 12777.800     0.99888
 12778.000     0.99814
 12778.200     0.99872
 12778.400     0.99952
 12778.600     0.99986
 12778.800     0.99992
 12779.000     0.99987
 12779.200     0.99971
 12779.400     0.99922
 12779.600     0.99838
 12779.800     0.99770
 12780.000     0.99779
 12780.200     0.99843
 12780.400     0.99735
 12780.600     0.99574
 12780.800     0.99704
 12781.000     0.99896
 12781.200     0.99971
 12781.400     0.99990
 12781.600     0.99994
 12781.800     0.99992
 12782.000     0.99987
 12782.200     0.99978
 12782.400     0.99960
 12782.600     0.99941
 12782.800     0.99933
 12783.000     0.99901
 12783.200     0.99763
 12783.400     0.99643
 12783.600     0.99770
 12783.800     0.99932
 12784.000     0.99983
 12784.200     0.99982
 12784.400     0.99937
 12784.600     0.99850
 12784.800     0.99831
 12785.000     0.99913
 12785.200     0.99961
 12785.400     0.99801
 12785.600     0.99080
 12785.800     0.98312
 12786.000     0.98737
 12786.200     0.99556
 12786.400     0.99898
 12786.600     0.99957
 12786.800     0.99964
 12787.000     0.99964
 12787.200     0.99960
 12787.400     0.99956
 12787.600     0.99941
 12787.800     0.99928
 12788.000     0.99931
 12788.200     0.99898
 12788.400     0.99767
 12788.600     0.99643
 12788.800     0.99647
 12789.000     0.98983
 12789.200     0.95674
 12789.400     0.92237
 12789.600     0.94491
 12789.800     0.98283
 12790.000     0.99724
 12790.200     0.99944
 12790.400     0.99906
 12790.600     0.99794
 12790.800     0.99763
 12791.000     0.99877
 12791.200     0.99962
 12791.400     0.99954
 12791.600     0.99901
 12791.800     0.99879
 12792.000     0.99926
 12792.200     0.99932
 12792.400     0.99803
 12792.600     0.99470
 12792.800     0.99131
 12793.000     0.99187
 12793.200     0.99484
 12793.400     0.99790
 12793.600     0.99953
 12793.800     0.99988
 12794.000     0.99986
 12794.200     0.99972
 12794.400     0.99954
 12794.600     0.99912
 12794.800     0.99850
 12795.000     0.99844
 12795.200     0.99904
 12795.400     0.99879
 12795.600     0.99570
 12795.800     0.98848
 12796.000     0.98460
 12796.200     0.99147
 12796.400     0.99788
 12796.600     0.99908
 12796.800     0.99890
 12797.000     0.99908
 12797.200     0.99945
 12797.400     0.99964
 12797.600     0.99956
 12797.800     0.99910
 12798.000     0.99812
 12798.200     0.99728
 12798.400     0.99741
 12798.600     0.99782
 12798.800     0.99862
 12799.000     0.99783
 12799.200     0.99211
 12799.400     0.98579
 12799.600     0.98759
 12799.800     0.99234
 12800.000     0.99633
 12800.200     0.99892
 12800.400     0.99975
 12800.600     0.99979
 12800.800     0.99960
 12801.000     0.99951
 12801.200     0.99967
 12801.400     0.99983
 12801.600     0.99973
 12801.800     0.99907
 12802.000     0.99834
 12802.200     0.99867
 12802.400     0.99935
 12802.600     0.99975
 12802.800     0.99989
 12803.000     0.99990
 12803.200     0.99990
 12803.400     0.99991
 12803.600     0.99993
 12803.800     0.99997
 12804.000     0.99998
 12804.200     0.99980
 12804.400     0.99891
 12804.600     0.99727
 12804.800     0.99657
 12805.000     0.99691
 12805.200     0.99689
 12805.400     0.99794
 12805.600     0.99930
 12805.800     0.99981
 12806.000     0.99986
 12806.200     0.99979
 12806.400     0.99937
 12806.600     0.99445
 12806.800     0.96488
 12807.000     0.89165
 12807.200     0.85179
 12807.400     0.91879
 12807.600     0.98159
 12807.800     0.98584
 12808.000     0.94192
 12808.200     0.89655
 12808.400     0.92734
 12808.600     0.97692
 12808.800     0.99521
 12809.000     0.99868
 12809.200     0.99955
 12809.400     0.99983
 12809.600     0.99984
 12809.800     0.99965
 12810.000     0.99945
 12810.200     0.99948
 12810.400     0.99921
 12810.600     0.99844
 12810.800     0.99798
 12811.000     0.99697
 12811.200     0.99032
 12811.400     0.98173
 12811.600     0.98492
 12811.800     0.99410
 12812.000     0.99861
 12812.200     0.99902
 12812.400     0.99832
 12812.600     0.99829
 12812.800     0.99900
 12813.000     0.99948
 12813.200     0.99962
 12813.400     0.99969
 12813.600     0.99950
 12813.800     0.99749
 12814.000     0.99099
 12814.200     0.98621
 12814.400     0.99178
 12814.600     0.99696
 12814.800     0.99626
 12815.000     0.99464
 12815.200     0.99290
 12815.400     0.97910
 12815.600     0.94463
 12815.800     0.89086
 12816.000     0.84626
 12816.200     0.86225
 12816.400     0.89332
 12816.600     0.89769
 12816.800     0.88505
 12817.000     0.86268
 12817.200     0.82962
 12817.400     0.78739
 12817.600     0.74369
 12817.800     0.70901
 12818.000     0.69113
 12818.200     0.69343
 12818.400     0.71552
 12818.600     0.75309
 12818.800     0.79733
 12819.000     0.83762
 12819.200     0.86784
 12819.400     0.88858
 12819.600     0.90259
 12819.800     0.91220
 12820.000     0.91989
 12820.200     0.92985
 12820.400     0.95002
 12820.600     0.97822
 12820.800     0.99504
 12821.000     0.99837
 12821.200     0.98847
 12821.400     0.94194
 12821.600     0.88607
 12821.800     0.90631
 12822.000     0.96437
 12822.200     0.99197
 12822.400     0.99560
 12822.600     0.99588
 12822.800     0.99774
 12823.000     0.99887
 12823.200     0.99754
 12823.400     0.98740
 12823.600     0.95381
 12823.800     0.91968
 12824.000     0.93652
 12824.200     0.97458
 12824.400     0.98715
 12824.600     0.97068
 12824.800     0.95346
 12825.000     0.96775
 12825.200     0.98962
 12825.400     0.99791
 12825.600     0.99812
 12825.800     0.99360
 12826.000     0.98806
 12826.200     0.98921
 12826.400     0.99164
 12826.600     0.98837
 12826.800     0.97773
 12827.000     0.96704
 12827.200     0.97636
 12827.400     0.99209
 12827.600     0.99863
 12827.800     0.99970
 12828.000     0.99944
 12828.200     0.99853
 12828.400     0.99789
 12828.600     0.99868
 12828.800     0.99955
 12829.000     0.99948
 12829.200     0.99816
 12829.400     0.99670
 12829.600     0.99747
 12829.800     0.99898
 12830.000     0.99935
 12830.200     0.99869
 12830.400     0.99826
 12830.600     0.99900
 12830.800     0.99901
 12831.000     0.99082
 12831.200     0.95551
 12831.400     0.92009
 12831.600     0.94431
 12831.800     0.98148
 12832.000     0.99458
 12832.200     0.99815
 12832.400     0.99957
 12832.600     0.99980
 12832.800     0.99973
 12833.000     0.99977
 12833.200     0.99989
 12833.400     0.99988
 12833.600     0.99977
 12833.800     0.99973
 12834.000     0.99960
 12834.200     0.99924
 12834.400     0.99909
 12834.600     0.99946
 12834.800     0.99981
 12835.000     0.99994
 12835.200     0.99999
 12835.400     0.99999
 12835.600     0.99982
 12835.800     0.99817
 12836.000     0.99159
 12836.200     0.98515
 12836.400     0.98959
 12836.600     0.99651
 12836.800     0.99914
 12837.000     0.99922
 12837.200     0.99803
 12837.400     0.99722
 12837.600     0.99789
 12837.800     0.99759
 12838.000     0.99679
 12838.200     0.99790
 12838.400     0.99913
 12838.600     0.99962
 12838.800     0.99984
 12839.000     0.99989
 12839.200     0.99989
 12839.400     0.99986
 12839.600     0.99979
 12839.800     0.99952
 12840.000     0.99688
 12840.200     0.97859
 12840.400     0.92198
 12840.600     0.87721
 12840.800     0.92138
 12841.000     0.97805
 12841.200     0.99613
 12841.400     0.99837
 12841.600     0.99907
 12841.800     0.99969
 12842.000     0.99988
 12842.200     0.99990
 12842.400     0.99990
 12842.600     0.99988
 12842.800     0.99986
 12843.000     0.99987
 12843.200     0.99987
 12843.400     0.99981
 12843.600     0.99946
 12843.800     0.99831
 12844.000     0.99743
 12844.200     0.99843
 12844.400     0.99953
 12844.600     0.99978
 12844.800     0.99954
 12845.000     0.99865
 12845.200     0.99651
 12845.400     0.99280
 12845.600     0.99057
 12845.800     0.99289
 12846.000     0.99348
 12846.200     0.98757
 12846.400     0.98157
 12846.600     0.97424
 12846.800     0.93517
 12847.000     0.89374
 12847.200     0.92894
 12847.400     0.97964
 12847.600     0.99641
 12847.800     0.99695
 12848.000     0.99516
 12848.200     0.99639
 12848.400     0.99832
 12848.600     0.99864
 12848.800     0.99744
 12849.000     0.99346
 12849.200     0.98587
 12849.400     0.98179
 12849.600     0.98747
 12849.800     0.99350
 12850.000     0.99529
 12850.200     0.99657
 12850.400     0.99793
 12850.600     0.99893
 12850.800     0.99942
 12851.000     0.99951
 12851.200     0.99950
 12851.400     0.99947
 12851.600     0.99938
 12851.800     0.99913
 12852.000     0.99830
 12852.200     0.99734
 12852.400     0.99739
 12852.600     0.99728
 12852.800     0.99498
 12853.000     0.98763
 12853.200     0.97505
 12853.400     0.96944
 12853.600     0.97959
 12853.800     0.99112
 12854.000     0.99519
 12854.200     0.99449
 12854.400     0.99376
 12854.600     0.99537
 12854.800     0.99593
 12855.000     0.99527
 12855.200     0.99591
 12855.400     0.99785
 12855.600     0.99911
 12855.800     0.99929
 12856.000     0.99929
 12856.200     0.99948
 12856.400     0.99969
 12856.600     0.99955
 12856.800     0.99846
 12857.000     0.99710
 12857.200     0.99686
 12857.400     0.99737
 12857.600     0.99872
 12857.800     0.99970
 12858.000     0.99978
 12858.200     0.99926
 12858.400     0.99873
 12858.600     0.99908
 12858.800     0.99951
 12859.000     0.99941
 12859.200     0.99924
 12859.400     0.99904
 12859.600     0.99797
 12859.800     0.99698
 12860.000     0.99793
 12860.200     0.99905
 12860.400     0.99923
 12860.600     0.99894
 12860.800     0.99800
 12861.000     0.99467
 12861.200     0.98572
 12861.400     0.97611
 12861.600     0.97863
 12861.800     0.98918
 12862.000     0.99587
 12862.200     0.99699
 12862.400     0.99373
 12862.600     0.98892
 12862.800     0.98969
 12863.000     0.99497
 12863.200     0.99839
 12863.400     0.99903
 12863.600     0.99863
 12863.800     0.99838
 12864.000     0.99891
 12864.200     0.99959
 12864.400     0.99986
 12864.600     0.99967
 12864.800     0.99768
 12865.000     0.99158
 12865.200     0.98727
 12865.400     0.99269
 12865.600     0.99830
 12865.800     0.99925
 12866.000     0.99835
 12866.200     0.99766
 12866.400     0.99838
 12866.600     0.99944
 12866.800     0.99990
 12867.000     0.99999
 12867.200     0.99998
 12867.400     0.99988
 12867.600     0.99968
 12867.800     0.99950
 12868.000     0.99938
 12868.200     0.99932
 12868.400     0.99921
 12868.600     0.99901
 12868.800     0.99854
 12869.000     0.99746
 12869.200     0.99590
 12869.400     0.99412
 12869.600     0.98968
 12869.800     0.97877
 12870.000     0.96879
 12870.200     0.97229
 12870.400     0.97917
 12870.600     0.97986
 12870.800     0.98309
 12871.000     0.99108
 12871.200     0.99617
 12871.400     0.99670
 12871.600     0.99634
 12871.800     0.99752
 12872.000     0.99839
 12872.200     0.99800
 12872.400     0.99755
 12872.600     0.99749
 12872.800     0.99689
 12873.000     0.99618
 12873.200     0.99613
 12873.400     0.99792
 12873.600     0.99946
 12873.800     0.99989
 12874.000     0.99998
 12874.200     0.99994
 12874.400     0.99976
 12874.600     0.99959
 12874.800     0.99959
 12875.000     0.99965
 12875.200     0.99982
 12875.400     0.99991
 12875.600     0.99980
 12875.800     0.99963
 12876.000     0.99960
 12876.200     0.99963
 12876.400     0.99934
 12876.600     0.99745
 12876.800     0.99207
 12877.000     0.98724
 12877.200     0.99045
 12877.400     0.99635
 12877.600     0.99895
 12877.800     0.99894
 12878.000     0.99789
 12878.200     0.99698
 12878.400     0.99708
 12878.600     0.99833
 12878.800     0.99921
 12879.000     0.99881
 12879.200     0.99137
 12879.400     0.94760
 12879.600     0.84209
 12879.800     0.78581
 12880.000     0.88103
 12880.200     0.97326
 12880.400     0.99671
 12880.600     0.99885
 12880.800     0.99768
 12881.000     0.99635
 12881.200     0.99725
 12881.400     0.99888
 12881.600     0.99939
 12881.800     0.99912
 12882.000     0.99904
 12882.200     0.99950
 12882.400     0.99989
 12882.600     0.99996
 12882.800     0.99990
 12883.000     0.99976
 12883.200     0.99957
 12883.400     0.99955
 12883.600     0.99971
 12883.800     0.99984
 12884.000     0.99978
 12884.200     0.99908
 12884.400     0.99669
 12884.600     0.99422
 12884.800     0.99361
 12885.000     0.98835
 12885.200     0.97993
 12885.400     0.98219
 12885.600     0.99247
 12885.800     0.99846
 12886.000     0.99973
 12886.200     0.99988
 12886.400     0.99989
 12886.600     0.99980
 12886.800     0.99940
 12887.000     0.99884
 12887.200     0.99731
 12887.400     0.99129
 12887.600     0.98617
 12887.800     0.99121
 12888.000     0.99705
 12888.200     0.99909
 12888.400     0.99971
 12888.600     0.99976
 12888.800     0.99960
 12889.000     0.99955
 12889.200     0.99975
 12889.400     0.99978
 12889.600     0.99919
 12889.800     0.99851
 12890.000     0.99883
 12890.200     0.99938
 12890.400     0.99923
 12890.600     0.99866
 12890.800     0.99852
 12891.000     0.99892
 12891.200     0.99940
 12891.400     0.99928
 12891.600     0.99799
 12891.800     0.99681
 12892.000     0.99769
 12892.200     0.99911
 12892.400     0.99970
 12892.600     0.99970
 12892.800     0.99925
 12893.000     0.99879
 12893.200     0.99909
 12893.400     0.99964
 12893.600     0.99991
 12893.800     0.99998
 12894.000     0.99997
 12894.200     0.99990
 12894.400     0.99986
 12894.600     0.99984
 12894.800     0.99975
 12895.000     0.99951
 12895.200     0.99929
 12895.400     0.99894
 12895.600     0.99344
 12895.800     0.96513
 12896.000     0.91405
 12896.200     0.90241
 12896.400     0.95148
 12896.600     0.98853
 12896.800     0.99218
 12897.000     0.98259
 12897.200     0.97646
 12897.400     0.98092
 12897.600     0.98424
 12897.800     0.98746
 12898.000     0.99416
 12898.200     0.99817
 12898.400     0.99863
 12898.600     0.99775
 12898.800     0.99525
 12899.000     0.99099
 12899.200     0.97201
 12899.400     0.87743
 12899.600     1.00000
 12899.800     1.00000
 12900.000     1.00000
