the number of points per synthesis =   1351
start =  12050.000     stop =  12320.000     step =      0.200
 12050.000     1.00000
 12050.200     1.00000
 12050.400     1.00000
 12050.600     0.99744
 12050.800     0.99929
 12051.000     0.99974
 12051.200     0.99974
 12051.400     0.99932
 12051.600     0.99849
 12051.800     0.99646
 12052.000     0.99107
 12052.200     0.98725
 12052.400     0.99071
 12052.600     0.98608
 12052.800     0.94076
 12053.000     0.87678
 12053.200     0.89370
 12053.400     0.95954
 12053.600     0.99307
 12053.800     0.99895
 12054.000     0.99893
 12054.200     0.99719
 12054.400     0.99603
 12054.600     0.99775
 12054.800     0.99940
 12055.000     0.99959
 12055.200     0.99832
 12055.400     0.99539
 12055.600     0.99112
 12055.800     0.98850
 12056.000     0.99267
 12056.200     0.99757
 12056.400     0.99915
 12056.600     0.99862
 12056.800     0.99724
 12057.000     0.99667
 12057.200     0.99742
 12057.400     0.99721
 12057.600     0.98997
 12057.800     0.97564
 12058.000     0.97327
 12058.200     0.98724
 12058.400     0.99735
 12058.600     0.99965
 12058.800     0.99990
 12059.000     0.99988
 12059.200     0.99988
 12059.400     0.99992
 12059.600     0.99997
 12059.800     1.00000
 12060.000     0.99998
 12060.200     0.99970
 12060.400     0.99819
 12060.600     0.99598
 12060.800     0.99624
 12061.000     0.99840
 12061.200     0.99961
 12061.400     0.99956
 12061.600     0.99906
 12061.800     0.99900
 12062.000     0.99932
 12062.200     0.99949
 12062.400     0.99963
 12062.600     0.99972
 12062.800     0.99935
 12063.000     0.99471
 12063.200     0.97397
 12063.400     0.95223
 12063.600     0.96302
 12063.800     0.97824
 12064.000     0.98841
 12064.200     0.99445
 12064.400     0.99716
 12064.600     0.99785
 12064.800     0.99716
 12065.000     0.99788
 12065.200     0.99853
 12065.400     0.99750
 12065.600     0.99603
 12065.800     0.99586
 12066.000     0.99747
 12066.200     0.99897
 12066.400     0.99880
 12066.600     0.99799
 12066.800     0.99833
 12067.000     0.99838
 12067.200     0.99819
 12067.400     0.99885
 12067.600     0.99887
 12067.800     0.99748
 12068.000     0.99662
 12068.200     0.99730
 12068.400     0.99769
 12068.600     0.99794
 12068.800     0.99511
 12069.000     0.97953
 12069.200     0.96504
 12069.400     0.98036
 12069.600     0.99592
 12069.800     0.99846
 12070.000     0.99837
 12070.200     0.99913
 12070.400     0.99973
 12070.600     0.99978
 12070.800     0.99942
 12071.000     0.99877
 12071.200     0.99764
 12071.400     0.99497
 12071.600     0.99285
 12071.800     0.99454
 12072.000     0.99775
 12072.200     0.99938
 12072.400     0.99963
 12072.600     0.99947
 12072.800     0.99907
 12073.000     0.99775
 12073.200     0.99638
 12073.400     0.99701
 12073.600     0.99669
 12073.800     0.98622
 12074.000     0.96854
 12074.200     0.96925
 12074.400     0.98679
 12074.600     0.99731
 12074.800     0.99910
 12075.000     0.99887
 12075.200     0.99795
 12075.400     0.99615
 12075.600     0.99604
 12075.800     0.99780
 12076.000     0.99800
 12076.200     0.99707
 12076.400     0.99778
 12076.600     0.99791
 12076.800     0.99682
 12077.000     0.99671
 12077.200     0.99761
 12077.400     0.99669
 12077.600     0.99520
 12077.800     0.99552
 12078.000     0.99194
 12078.200     0.98847
 12078.400     0.99374
 12078.600     0.99829
 12078.800     0.99829
 12079.000     0.99794
 12079.200     0.99894
 12079.400     0.99968
 12079.600     0.99966
 12079.800     0.99898
 12080.000     0.99388
 12080.200     0.97447
 12080.400     0.95601
 12080.600     0.96733
 12080.800     0.97523
 12081.000     0.96194
 12081.200     0.94912
 12081.400     0.95215
 12081.600     0.92860
 12081.800     0.84965
 12082.000     0.79753
 12082.200     0.84928
 12082.400     0.89363
 12082.600     0.87565
 12082.800     0.81109
 12083.000     0.69377
 12083.200     0.56525
 12083.400     0.50785
 12083.600     0.51470
 12083.800     0.59090
 12084.000     0.71950
 12084.200     0.82225
 12084.400     0.87948
 12084.600     0.91044
 12084.800     0.92557
 12085.000     0.93590
 12085.200     0.95199
 12085.400     0.96642
 12085.600     0.97557
 12085.800     0.98274
 12086.000     0.98929
 12086.200     0.99577
 12086.400     0.99889
 12086.600     0.99866
 12086.800     0.99631
 12087.000     0.99441
 12087.200     0.99626
 12087.400     0.99669
 12087.600     0.98970
 12087.800     0.97838
 12088.000     0.97665
 12088.200     0.98189
 12088.400     0.98329
 12088.600     0.98944
 12088.800     0.99534
 12089.000     0.99362
 12089.200     0.99069
 12089.400     0.99337
 12089.600     0.99221
 12089.800     0.98880
 12090.000     0.99370
 12090.200     0.99867
 12090.400     0.99979
 12090.600     0.99990
 12090.800     0.99992
 12091.000     0.99991
 12091.200     0.99972
 12091.400     0.99951
 12091.600     0.99956
 12091.800     0.99925
 12092.000     0.99699
 12092.200     0.99460
 12092.400     0.99626
 12092.600     0.99782
 12092.800     0.99639
 12093.000     0.99412
 12093.200     0.99468
 12093.400     0.99371
 12093.600     0.97949
 12093.800     0.96412
 12094.000     0.97669
 12094.200     0.99284
 12094.400     0.99839
 12094.600     0.99971
 12094.800     0.99988
 12095.000     0.99981
 12095.200     0.99951
 12095.400     0.99827
 12095.600     0.99617
 12095.800     0.99604
 12096.000     0.99816
 12096.200     0.99960
 12096.400     0.99988
 12096.600     0.99968
 12096.800     0.99940
 12097.000     0.99915
 12097.200     0.99775
 12097.400     0.99535
 12097.600     0.99360
 12097.800     0.99154
 12098.000     0.99133
 12098.200     0.99583
 12098.400     0.99918
 12098.600     0.99983
 12098.800     0.99975
 12099.000     0.99827
 12099.200     0.98956
 12099.400     0.97235
 12099.600     0.96705
 12099.800     0.97683
 12100.000     0.96583
 12100.200     0.94375
 12100.400     0.95383
 12100.600     0.97903
 12100.800     0.99310
 12101.000     0.99684
 12101.200     0.99605
 12101.400     0.99446
 12101.600     0.99228
 12101.800     0.98721
 12102.000     0.97272
 12102.200     0.92939
 12102.400     0.88423
 12102.600     0.90553
 12102.800     0.93282
 12103.000     0.90092
 12103.200     0.78383
 12103.400     0.62676
 12103.600     0.60041
 12103.800     0.73500
 12104.000     0.87283
 12104.200     0.94079
 12104.400     0.96655
 12104.600     0.97443
 12104.800     0.97682
 12105.000     0.98380
 12105.200     0.98927
 12105.400     0.98395
 12105.600     0.95003
 12105.800     0.90895
 12106.000     0.92757
 12106.200     0.97130
 12106.400     0.99277
 12106.600     0.99769
 12106.800     0.99868
 12107.000     0.99911
 12107.200     0.99916
 12107.400     0.99839
 12107.600     0.99769
 12107.800     0.99860
 12108.000     0.99945
 12108.200     0.99959
 12108.400     0.99959
 12108.600     0.99955
 12108.800     0.99930
 12109.000     0.99850
 12109.200     0.99738
 12109.400     0.99681
 12109.600     0.99461
 12109.800     0.98575
 12110.000     0.96523
 12110.200     0.93576
 12110.400     0.87992
 12110.600     0.80685
 12110.800     0.83689
 12111.000     0.93136
 12111.200     0.98135
 12111.400     0.98838
 12111.600     0.98407
 12111.800     0.98323
 12112.000     0.98731
 12112.200     0.99335
 12112.400     0.99693
 12112.600     0.99767
 12112.800     0.99812
 12113.000     0.99769
 12113.200     0.99610
 12113.400     0.99576
 12113.600     0.99622
 12113.800     0.99568
 12114.000     0.99556
 12114.200     0.99567
 12114.400     0.99736
 12114.600     0.99885
 12114.800     0.99743
 12115.000     0.99049
 12115.200     0.98437
 12115.400     0.98645
 12115.600     0.97767
 12115.800     0.96712
 12116.000     0.98168
 12116.200     0.99565
 12116.400     0.99690
 12116.600     0.99237
 12116.800     0.98910
 12117.000     0.99400
 12117.200     0.99856
 12117.400     0.99772
 12117.600     0.98774
 12117.800     0.97410
 12118.000     0.97812
 12118.200     0.99195
 12118.400     0.99872
 12118.600     0.99979
 12118.800     0.99938
 12119.000     0.99284
 12119.200     0.95736
 12119.400     0.90312
 12119.600     0.90720
 12119.800     0.95661
 12120.000     0.98121
 12120.200     0.98856
 12120.400     0.99567
 12120.600     0.99912
 12120.800     0.99956
 12121.000     0.99859
 12121.200     0.99604
 12121.400     0.99411
 12121.600     0.99534
 12121.800     0.99707
 12122.000     0.99811
 12122.200     0.99890
 12122.400     0.99946
 12122.600     0.99977
 12122.800     0.99992
 12123.000     0.99983
 12123.200     0.99923
 12123.400     0.99868
 12123.600     0.99916
 12123.800     0.99967
 12124.000     0.99969
 12124.200     0.99872
 12124.400     0.99598
 12124.600     0.99435
 12124.800     0.99661
 12125.000     0.99780
 12125.200     0.99455
 12125.400     0.99022
 12125.600     0.99227
 12125.800     0.99704
 12126.000     0.99913
 12126.200     0.99914
 12126.400     0.99782
 12126.600     0.99545
 12126.800     0.99357
 12127.000     0.99385
 12127.200     0.99665
 12127.400     0.99739
 12127.600     0.99486
 12127.800     0.99341
 12128.000     0.99583
 12128.200     0.99841
 12128.400     0.99885
 12128.600     0.99872
 12128.800     0.99931
 12129.000     0.99975
 12129.200     0.99977
 12129.400     0.99961
 12129.600     0.99895
 12129.800     0.99811
 12130.000     0.99678
 12130.200     0.98813
 12130.400     0.97525
 12130.600     0.97823
 12130.800     0.98937
 12131.000     0.98714
 12131.200     0.98038
 12131.400     0.98890
 12131.600     0.99749
 12131.800     0.99874
 12132.000     0.99579
 12132.200     0.99260
 12132.400     0.99540
 12132.600     0.99835
 12132.800     0.99717
 12133.000     0.99503
 12133.200     0.99632
 12133.400     0.99784
 12133.600     0.99500
 12133.800     0.98135
 12134.000     0.96869
 12134.200     0.97936
 12134.400     0.99126
 12134.600     0.99504
 12134.800     0.99519
 12135.000     0.98709
 12135.200     0.96329
 12135.400     0.94154
 12135.600     0.95403
 12135.800     0.98035
 12136.000     0.98878
 12136.200     0.97442
 12136.400     0.96203
 12136.600     0.97835
 12136.800     0.99365
 12137.000     0.99715
 12137.200     0.99658
 12137.400     0.99547
 12137.600     0.99689
 12137.800     0.99821
 12138.000     0.99822
 12138.200     0.99806
 12138.400     0.99784
 12138.600     0.99738
 12138.800     0.99827
 12139.000     0.99926
 12139.200     0.99869
 12139.400     0.99593
 12139.600     0.99284
 12139.800     0.99372
 12140.000     0.99702
 12140.200     0.99732
 12140.400     0.99543
 12140.600     0.99572
 12140.800     0.99724
 12141.000     0.99864
 12141.200     0.99930
 12141.400     0.99964
 12141.600     0.99974
 12141.800     0.99876
 12142.000     0.99465
 12142.200     0.98808
 12142.400     0.98583
 12142.600     0.99045
 12142.800     0.99618
 12143.000     0.99847
 12143.200     0.99779
 12143.400     0.99630
 12143.600     0.99619
 12143.800     0.99675
 12144.000     0.99757
 12144.200     0.99884
 12144.400     0.99964
 12144.600     0.99981
 12144.800     0.99951
 12145.000     0.99775
 12145.200     0.99548
 12145.400     0.99620
 12145.600     0.99835
 12145.800     0.99945
 12146.000     0.99945
 12146.200     0.99911
 12146.400     0.99811
 12146.600     0.99102
 12146.800     0.97443
 12147.000     0.96716
 12147.200     0.98277
 12147.400     0.99544
 12147.600     0.99879
 12147.800     0.99973
 12148.000     0.99996
 12148.200     0.99999
 12148.400     1.00000
 12148.600     0.99998
 12148.800     0.99996
 12149.000     0.99998
 12149.200     0.99998
 12149.400     0.99992
 12149.600     0.99985
 12149.800     0.99988
 12150.000     0.99994
 12150.200     0.99995
 12150.400     0.99998
 12150.600     1.00000
 12150.800     1.00000
 12151.000     1.00000
 12151.200     1.00000
 12151.400     1.00000
 12151.600     0.99998
 12151.800     0.99971
 12152.000     0.99859
 12152.200     0.99711
 12152.400     0.99599
 12152.600     0.99424
 12152.800     0.99171
 12153.000     0.98904
 12153.200     0.99315
 12153.400     0.99802
 12153.600     0.99948
 12153.800     0.99969
 12154.000     0.99969
 12154.200     0.99958
 12154.400     0.99945
 12154.600     0.99955
 12154.800     0.99889
 12155.000     0.99317
 12155.200     0.97766
 12155.400     0.96886
 12155.600     0.98380
 12155.800     0.99700
 12156.000     0.99976
 12156.200     0.99999
 12156.400     0.99999
 12156.600     0.99978
 12156.800     0.99869
 12157.000     0.99678
 12157.200     0.99604
 12157.400     0.99704
 12157.600     0.99854
 12157.800     0.99895
 12158.000     0.99825
 12158.200     0.99827
 12158.400     0.99927
 12158.600     0.99988
 12158.800     0.99996
 12159.000     0.99991
 12159.200     0.99980
 12159.400     0.99966
 12159.600     0.99949
 12159.800     0.99869
 12160.000     0.99792
 12160.200     0.99882
 12160.400     0.99976
 12160.600     0.99997
 12160.800     0.99990
 12161.000     0.99941
 12161.200     0.99833
 12161.400     0.99772
 12161.600     0.99836
 12161.800     0.99858
 12162.000     0.99659
 12162.200     0.99166
 12162.400     0.98876
 12162.600     0.99298
 12162.800     0.99712
 12163.000     0.99577
 12163.200     0.99159
 12163.400     0.99169
 12163.600     0.99544
 12163.800     0.99845
 12164.000     0.99955
 12164.200     0.99977
 12164.400     0.99928
 12164.600     0.99649
 12164.800     0.99328
 12165.000     0.99502
 12165.200     0.99765
 12165.400     0.99813
 12165.600     0.99884
 12165.800     0.99945
 12166.000     0.99886
 12166.200     0.99714
 12166.400     0.99639
 12166.600     0.99810
 12166.800     0.99855
 12167.000     0.99449
 12167.200     0.99029
 12167.400     0.99219
 12167.600     0.98688
 12167.800     0.97443
 12168.000     0.97616
 12168.200     0.98631
 12168.400     0.98873
 12168.600     0.97854
 12168.800     0.97002
 12169.000     0.97992
 12169.200     0.99314
 12169.400     0.99834
 12169.600     0.99941
 12169.800     0.99945
 12170.000     0.99900
 12170.200     0.99813
 12170.400     0.99718
 12170.600     0.99664
 12170.800     0.99612
 12171.000     0.99568
 12171.200     0.99580
 12171.400     0.99620
 12171.600     0.99558
 12171.800     0.99601
 12172.000     0.99627
 12172.200     0.99537
 12172.400     0.99251
 12172.600     0.99111
 12172.800     0.99503
 12173.000     0.99845
 12173.200     0.99930
 12173.400     0.99877
 12173.600     0.99339
 12173.800     0.97679
 12174.000     0.96568
 12174.200     0.98153
 12174.400     0.99604
 12174.600     0.99797
 12174.800     0.99696
 12175.000     0.99720
 12175.200     0.99433
 12175.400     0.97462
 12175.600     0.93349
 12175.800     0.91819
 12176.000     0.95731
 12176.200     0.98996
 12176.400     0.99685
 12176.600     0.99498
 12176.800     0.99069
 12177.000     0.98904
 12177.200     0.99369
 12177.400     0.99791
 12177.600     0.99860
 12177.800     0.99422
 12178.000     0.97051
 12178.200     0.92156
 12178.400     0.90431
 12178.600     0.95225
 12178.800     0.99044
 12179.000     0.99867
 12179.200     0.99953
 12179.400     0.99968
 12179.600     0.99969
 12179.800     0.99952
 12180.000     0.99908
 12180.200     0.99737
 12180.400     0.99392
 12180.600     0.99280
 12180.800     0.99529
 12181.000     0.99661
 12181.200     0.99710
 12181.400     0.99863
 12181.600     0.99959
 12181.800     0.99953
 12182.000     0.99914
 12182.200     0.99906
 12182.400     0.99938
 12182.600     0.99936
 12182.800     0.99825
 12183.000     0.99640
 12183.200     0.99603
 12183.400     0.99721
 12183.600     0.99746
 12183.800     0.99645
 12184.000     0.99249
 12184.200     0.97818
 12184.400     0.96321
 12184.600     0.97194
 12184.800     0.98843
 12185.000     0.99626
 12185.200     0.99853
 12185.400     0.99913
 12185.600     0.99879
 12185.800     0.99598
 12186.000     0.99199
 12186.200     0.99287
 12186.400     0.99687
 12186.600     0.99855
 12186.800     0.99831
 12187.000     0.99850
 12187.200     0.99912
 12187.400     0.99932
 12187.600     0.99895
 12187.800     0.99833
 12188.000     0.99761
 12188.200     0.99492
 12188.400     0.99135
 12188.600     0.99101
 12188.800     0.98649
 12189.000     0.95984
 12189.200     0.92781
 12189.400     0.94119
 12189.600     0.96299
 12189.800     0.92579
 12190.000     0.84637
 12190.200     0.84859
 12190.400     0.92929
 12190.600     0.97790
 12190.800     0.99054
 12191.000     0.99073
 12191.200     0.97740
 12191.400     0.96114
 12191.600     0.96867
 12191.800     0.98671
 12192.000     0.99596
 12192.200     0.99776
 12192.400     0.99561
 12192.600     0.98661
 12192.800     0.97047
 12193.000     0.96493
 12193.200     0.97580
 12193.400     0.97525
 12193.600     0.96850
 12193.800     0.98287
 12194.000     0.99576
 12194.200     0.99779
 12194.400     0.99809
 12194.600     0.99833
 12194.800     0.99858
 12195.000     0.99880
 12195.200     0.99805
 12195.400     0.99633
 12195.600     0.99584
 12195.800     0.99723
 12196.000     0.99765
 12196.200     0.99659
 12196.400     0.99528
 12196.600     0.99458
 12196.800     0.99432
 12197.000     0.99361
 12197.200     0.99320
 12197.400     0.99404
 12197.600     0.99668
 12197.800     0.99876
 12198.000     0.99935
 12198.200     0.99940
 12198.400     0.99955
 12198.600     0.99968
 12198.800     0.99976
 12199.000     0.99983
 12199.200     0.99973
 12199.400     0.99884
 12199.600     0.99735
 12199.800     0.99705
 12200.000     0.99807
 12200.200     0.99917
 12200.400     0.99969
 12200.600     0.99957
 12200.800     0.99915
 12201.000     0.99923
 12201.200     0.99966
 12201.400     0.99926
 12201.600     0.99576
 12201.800     0.99052
 12202.000     0.99082
 12202.200     0.99501
 12202.400     0.99766
 12202.600     0.99912
 12202.800     0.99982
 12203.000     0.99995
 12203.200     0.99997
 12203.400     0.99995
 12203.600     0.99981
 12203.800     0.99961
 12204.000     0.99959
 12204.200     0.99976
 12204.400     0.99978
 12204.600     0.99924
 12204.800     0.99755
 12205.000     0.99507
 12205.200     0.99277
 12205.400     0.99080
 12205.600     0.98900
 12205.800     0.97945
 12206.000     0.96908
 12206.200     0.98139
 12206.400     0.99546
 12206.600     0.99873
 12206.800     0.99816
 12207.000     0.99729
 12207.200     0.99684
 12207.400     0.99615
 12207.600     0.99522
 12207.800     0.99575
 12208.000     0.99783
 12208.200     0.99926
 12208.400     0.99956
 12208.600     0.99919
 12208.800     0.99791
 12209.000     0.99611
 12209.200     0.99574
 12209.400     0.99696
 12209.600     0.99780
 12209.800     0.99697
 12210.000     0.99525
 12210.200     0.99573
 12210.400     0.99766
 12210.600     0.99863
 12210.800     0.99701
 12211.000     0.99504
 12211.200     0.99667
 12211.400     0.99753
 12211.600     0.99594
 12211.800     0.99437
 12212.000     0.98690
 12212.200     0.97304
 12212.400     0.97373
 12212.600     0.98847
 12212.800     0.99510
 12213.000     0.98260
 12213.200     0.94600
 12213.400     0.92627
 12213.600     0.96236
 12213.800     0.99315
 12214.000     0.99920
 12214.200     0.99972
 12214.400     0.99981
 12214.600     0.99949
 12214.800     0.99830
 12215.000     0.99746
 12215.200     0.99854
 12215.400     0.99898
 12215.600     0.99642
 12215.800     0.99294
 12216.000     0.99325
 12216.200     0.99063
 12216.400     0.96925
 12216.600     0.94953
 12216.800     0.97189
 12217.000     0.99458
 12217.200     0.99909
 12217.400     0.99916
 12217.600     0.99940
 12217.800     0.99969
 12218.000     0.99979
 12218.200     0.99979
 12218.400     0.99964
 12218.600     0.99854
 12218.800     0.99651
 12219.000     0.99555
 12219.200     0.99640
 12219.400     0.99823
 12219.600     0.99848
 12219.800     0.99779
 12220.000     0.99856
 12220.200     0.99900
 12220.400     0.99870
 12220.600     0.99876
 12220.800     0.99872
 12221.000     0.99851
 12221.200     0.99834
 12221.400     0.99882
 12221.600     0.99943
 12221.800     0.99941
 12222.000     0.99874
 12222.200     0.99734
 12222.400     0.99167
 12222.600     0.97477
 12222.800     0.96284
 12223.000     0.97895
 12223.200     0.99307
 12223.400     0.99578
 12223.600     0.99753
 12223.800     0.99855
 12224.000     0.99837
 12224.200     0.99866
 12224.400     0.99926
 12224.600     0.99961
 12224.800     0.99965
 12225.000     0.99930
 12225.200     0.99880
 12225.400     0.99815
 12225.600     0.99285
 12225.800     0.97745
 12226.000     0.96769
 12226.200     0.98185
 12226.400     0.99450
 12226.600     0.98933
 12226.800     0.94369
 12227.000     0.86148
 12227.200     0.85014
 12227.400     0.93198
 12227.600     0.98768
 12227.800     0.99836
 12228.000     0.99918
 12228.200     0.99894
 12228.400     0.99728
 12228.600     0.99277
 12228.800     0.98682
 12229.000     0.97810
 12229.200     0.96454
 12229.400     0.96514
 12229.600     0.98354
 12229.800     0.99627
 12230.000     0.99897
 12230.200     0.99793
 12230.400     0.99616
 12230.600     0.99533
 12230.800     0.99133
 12231.000     0.98685
 12231.200     0.99147
 12231.400     0.99670
 12231.600     0.99780
 12231.800     0.99849
 12232.000     0.99796
 12232.200     0.99033
 12232.400     0.96961
 12232.600     0.95796
 12232.800     0.97763
 12233.000     0.99371
 12233.200     0.99559
 12233.400     0.99545
 12233.600     0.99587
 12233.800     0.99569
 12234.000     0.98923
 12234.200     0.98238
 12234.400     0.98901
 12234.600     0.99669
 12234.800     0.99909
 12235.000     0.99954
 12235.200     0.99940
 12235.400     0.99935
 12235.600     0.99955
 12235.800     0.99973
 12236.000     0.99981
 12236.200     0.99940
 12236.400     0.99711
 12236.600     0.99397
 12236.800     0.99414
 12237.000     0.99625
 12237.200     0.99822
 12237.400     0.99939
 12237.600     0.99974
 12237.800     0.99950
 12238.000     0.99823
 12238.200     0.99710
 12238.400     0.99810
 12238.600     0.99912
 12238.800     0.99952
 12239.000     0.99950
 12239.200     0.99856
 12239.400     0.99767
 12239.600     0.99780
 12239.800     0.99585
 12240.000     0.99231
 12240.200     0.99099
 12240.400     0.99237
 12240.600     0.99646
 12240.800     0.99847
 12241.000     0.99528
 12241.200     0.99116
 12241.400     0.99391
 12241.600     0.99814
 12241.800     0.99927
 12242.000     0.99700
 12242.200     0.98653
 12242.400     0.97457
 12242.600     0.97948
 12242.800     0.99009
 12243.000     0.99663
 12243.200     0.99911
 12243.400     0.99900
 12243.600     0.99691
 12243.800     0.99481
 12244.000     0.99580
 12244.200     0.99664
 12244.400     0.99498
 12244.600     0.98426
 12244.800     0.96181
 12245.000     0.95464
 12245.200     0.97773
 12245.400     0.99540
 12245.600     0.99864
 12245.800     0.99813
 12246.000     0.99506
 12246.200     0.98477
 12246.400     0.97701
 12246.600     0.98664
 12246.800     0.99650
 12247.000     0.99894
 12247.200     0.99930
 12247.400     0.99946
 12247.600     0.99965
 12247.800     0.99971
 12248.000     0.99947
 12248.200     0.99808
 12248.400     0.99267
 12248.600     0.98478
 12248.800     0.98452
 12249.000     0.99170
 12249.200     0.99509
 12249.400     0.99366
 12249.600     0.99394
 12249.800     0.99585
 12250.000     0.99824
 12250.200     0.99959
 12250.400     0.99975
 12250.600     0.99959
 12250.800     0.99932
 12251.000     0.99634
 12251.200     0.98187
 12251.400     0.96714
 12251.600     0.97948
 12251.800     0.99490
 12252.000     0.99907
 12252.200     0.99953
 12252.400     0.99972
 12252.600     0.99973
 12252.800     0.99920
 12253.000     0.99749
 12253.200     0.99532
 12253.400     0.99571
 12253.600     0.99786
 12253.800     0.99904
 12254.000     0.99933
 12254.200     0.99947
 12254.400     0.99929
 12254.600     0.99794
 12254.800     0.99653
 12255.000     0.99738
 12255.200     0.99782
 12255.400     0.99512
 12255.600     0.99029
 12255.800     0.98980
 12256.000     0.99470
 12256.200     0.99853
 12256.400     0.99960
 12256.600     0.99945
 12256.800     0.99828
 12257.000     0.99679
 12257.200     0.99697
 12257.400     0.99853
 12257.600     0.99917
 12257.800     0.99860
 12258.000     0.99806
 12258.200     0.99852
 12258.400     0.99827
 12258.600     0.99683
 12258.800     0.99682
 12259.000     0.99829
 12259.200     0.99943
 12259.400     0.99987
 12259.600     0.99997
 12259.800     0.99984
 12260.000     0.99939
 12260.200     0.99903
 12260.400     0.99939
 12260.600     0.99940
 12260.800     0.99778
 12261.000     0.99581
 12261.200     0.99638
 12261.400     0.99398
 12261.600     0.97792
 12261.800     0.95936
 12262.000     0.96503
 12262.200     0.97891
 12262.400     0.98661
 12262.600     0.99179
 12262.800     0.99630
 12263.000     0.99821
 12263.200     0.99821
 12263.400     0.99853
 12263.600     0.99832
 12263.800     0.99407
 12264.000     0.97667
 12264.200     0.95267
 12264.400     0.95435
 12264.600     0.97727
 12264.800     0.99269
 12265.000     0.99727
 12265.200     0.99728
 12265.400     0.99534
 12265.600     0.99472
 12265.800     0.99616
 12266.000     0.99817
 12266.200     0.99919
 12266.400     0.99882
 12266.600     0.99825
 12266.800     0.99891
 12267.000     0.99963
 12267.200     0.99977
 12267.400     0.99927
 12267.600     0.99705
 12267.800     0.99395
 12268.000     0.99362
 12268.200     0.99413
 12268.400     0.99380
 12268.600     0.99415
 12268.800     0.99400
 12269.000     0.99237
 12269.200     0.98862
 12269.400     0.98375
 12269.600     0.97983
 12269.800     0.97167
 12270.000     0.95021
 12270.200     0.89274
 12270.400     0.76290
 12270.600     0.61573
 12270.800     0.62089
 12271.000     0.76983
 12271.200     0.89248
 12271.400     0.94835
 12271.600     0.97179
 12271.800     0.98071
 12272.000     0.97926
 12272.200     0.96936
 12272.400     0.96758
 12272.600     0.97889
 12272.800     0.97580
 12273.000     0.96531
 12273.200     0.97855
 12273.400     0.99322
 12273.600     0.99718
 12273.800     0.99867
 12274.000     0.99884
 12274.200     0.99561
 12274.400     0.99233
 12274.600     0.99548
 12274.800     0.99877
 12275.000     0.99938
 12275.200     0.99960
 12275.400     0.99956
 12275.600     0.99929
 12275.800     0.99896
 12276.000     0.99736
 12276.200     0.99541
 12276.400     0.99601
 12276.600     0.99744
 12276.800     0.99768
 12277.000     0.99737
 12277.200     0.99670
 12277.400     0.99595
 12277.600     0.99319
 12277.800     0.98788
 12278.000     0.98489
 12278.200     0.99190
 12278.400     0.99803
 12278.600     0.99868
 12278.800     0.99644
 12279.000     0.99438
 12279.200     0.99499
 12279.400     0.99501
 12279.600     0.99619
 12279.800     0.99787
 12280.000     0.99830
 12280.200     0.99819
 12280.400     0.99500
 12280.600     0.98962
 12280.800     0.98990
 12281.000     0.99454
 12281.200     0.99376
 12281.400     0.99026
 12281.600     0.99310
 12281.800     0.99386
 12282.000     0.98737
 12282.200     0.98465
 12282.400     0.99215
 12282.600     0.99786
 12282.800     0.99607
 12283.000     0.98080
 12283.200     0.95658
 12283.400     0.95682
 12283.600     0.98077
 12283.800     0.99555
 12284.000     0.99839
 12284.200     0.99669
 12284.400     0.98506
 12284.600     0.97289
 12284.800     0.98292
 12285.000     0.99564
 12285.200     0.99918
 12285.400     0.99965
 12285.600     0.99968
 12285.800     0.99959
 12286.000     0.99936
 12286.200     0.99894
 12286.400     0.99867
 12286.600     0.99829
 12286.800     0.99760
 12287.000     0.99757
 12287.200     0.99795
 12287.400     0.99803
 12287.600     0.99793
 12287.800     0.99712
 12288.000     0.99401
 12288.200     0.99137
 12288.400     0.99398
 12288.600     0.99604
 12288.800     0.99426
 12289.000     0.99179
 12289.200     0.99159
 12289.400     0.99222
 12289.600     0.99277
 12289.800     0.99464
 12290.000     0.99626
 12290.200     0.99683
 12290.400     0.99750
 12290.600     0.99806
 12290.800     0.99778
 12291.000     0.99173
 12291.200     0.97454
 12291.400     0.95979
 12291.600     0.96837
 12291.800     0.98756
 12292.000     0.99724
 12292.200     0.99907
 12292.400     0.99917
 12292.600     0.99877
 12292.800     0.99803
 12293.000     0.99719
 12293.200     0.99517
 12293.400     0.99180
 12293.600     0.99146
 12293.800     0.99581
 12294.000     0.99885
 12294.200     0.99937
 12294.400     0.99924
 12294.600     0.99869
 12294.800     0.99520
 12295.000     0.99084
 12295.200     0.99228
 12295.400     0.99545
 12295.600     0.99734
 12295.800     0.99846
 12296.000     0.99887
 12296.200     0.99891
 12296.400     0.99893
 12296.600     0.99732
 12296.800     0.98642
 12297.000     0.94847
 12297.200     0.91573
 12297.400     0.94853
 12297.600     0.98605
 12297.800     0.99697
 12298.000     0.99837
 12298.200     0.99799
 12298.400     0.99836
 12298.600     0.99866
 12298.800     0.99762
 12299.000     0.99662
 12299.200     0.99758
 12299.400     0.99625
 12299.600     0.99097
 12299.800     0.98881
 12300.000     0.99125
 12300.200     0.98455
 12300.400     0.97635
 12300.600     0.98595
 12300.800     0.99339
 12301.000     0.98954
 12301.200     0.98582
 12301.400     0.98346
 12301.600     0.97551
 12301.800     0.97562
 12302.000     0.98878
 12302.200     0.99706
 12302.400     0.99865
 12302.600     0.99934
 12302.800     0.99964
 12303.000     0.99970
 12303.200     0.99984
 12303.400     0.99994
 12303.600     0.99997
 12303.800     0.99996
 12304.000     0.99986
 12304.200     0.99954
 12304.400     0.99903
 12304.600     0.99870
 12304.800     0.99826
 12305.000     0.99767
 12305.200     0.99814
 12305.400     0.99887
 12305.600     0.99903
 12305.800     0.99920
 12306.000     0.99942
 12306.200     0.99932
 12306.400     0.99882
 12306.600     0.99855
 12306.800     0.99910
 12307.000     0.99943
 12307.200     0.99950
 12307.400     0.99972
 12307.600     0.99991
 12307.800     0.99991
 12308.000     0.99962
 12308.200     0.99934
 12308.400     0.99958
 12308.600     0.99976
 12308.800     0.99911
 12309.000     0.99675
 12309.200     0.99471
 12309.400     0.99654
 12309.600     0.99892
 12309.800     0.99965
 12310.000     0.99940
 12310.200     0.99851
 12310.400     0.99712
 12310.600     0.99621
 12310.800     0.99691
 12311.000     0.99656
 12311.200     0.98862
 12311.400     0.97702
 12311.600     0.97941
 12311.800     0.99063
 12312.000     0.99347
 12312.200     0.98958
 12312.400     0.98766
 12312.600     0.97965
 12312.800     0.97105
 12313.000     0.98122
 12313.200     0.99243
 12313.400     0.99423
 12313.600     0.99252
 12313.800     0.98294
 12314.000     0.97196
 12314.200     0.97760
 12314.400     0.99008
 12314.600     0.99533
 12314.800     0.99642
 12315.000     0.99808
 12315.200     0.99924
 12315.400     0.99922
 12315.600     0.99894
 12315.800     0.99906
 12316.000     0.99929
 12316.200     0.99835
 12316.400     0.99488
 12316.600     0.99231
 12316.800     0.99508
 12317.000     0.99735
 12317.200     0.99658
 12317.400     0.99555
 12317.600     0.99662
 12317.800     0.99763
 12318.000     0.99876
 12318.200     0.99957
 12318.400     0.99974
 12318.600     0.99949
 12318.800     0.99807
 12319.000     0.99595
 12319.200     0.99582
 12319.400     0.99635
 12319.600     1.00000
 12319.800     1.00000
 12320.000     1.00000
