the number of points per synthesis =   1401
start =  12320.000     stop =  12600.000     step =      0.200
 12320.000     1.00000
 12320.200     1.00000
 12320.400     1.00000
 12320.600     0.98530
 12320.800     0.99604
 12321.000     0.99764
 12321.200     0.99708
 12321.400     0.99817
 12321.600     0.99900
 12321.800     0.99850
 12322.000     0.99746
 12322.200     0.99432
 12322.400     0.99129
 12322.600     0.99440
 12322.800     0.99810
 12323.000     0.99919
 12323.200     0.99960
 12323.400     0.99981
 12323.600     0.99985
 12323.800     0.99977
 12324.000     0.99951
 12324.200     0.99906
 12324.400     0.99866
 12324.600     0.99750
 12324.800     0.99090
 12325.000     0.97998
 12325.200     0.97903
 12325.400     0.99000
 12325.600     0.99736
 12325.800     0.99910
 12326.000     0.99901
 12326.200     0.99774
 12326.400     0.99682
 12326.600     0.99765
 12326.800     0.99892
 12327.000     0.99931
 12327.200     0.99871
 12327.400     0.99685
 12327.600     0.99481
 12327.800     0.99529
 12328.000     0.99785
 12328.200     0.99929
 12328.400     0.99930
 12328.600     0.99896
 12328.800     0.99885
 12329.000     0.99933
 12329.200     0.99979
 12329.400     0.99993
 12329.600     0.99992
 12329.800     0.99986
 12330.000     0.99962
 12330.200     0.99903
 12330.400     0.99845
 12330.600     0.99762
 12330.800     0.99388
 12331.000     0.98956
 12331.200     0.99173
 12331.400     0.99300
 12331.600     0.98205
 12331.800     0.95751
 12332.000     0.94692
 12332.200     0.97066
 12332.400     0.99223
 12332.600     0.99335
 12332.800     0.97456
 12333.000     0.95613
 12333.200     0.97088
 12333.400     0.98985
 12333.600     0.99623
 12333.800     0.99759
 12334.000     0.99493
 12334.200     0.99150
 12334.400     0.99367
 12334.600     0.99722
 12334.800     0.99752
 12335.000     0.99571
 12335.200     0.99194
 12335.400     0.98299
 12335.600     0.97635
 12335.800     0.98296
 12336.000     0.99251
 12336.200     0.99504
 12336.400     0.99458
 12336.600     0.99671
 12336.800     0.99829
 12337.000     0.99835
 12337.200     0.99884
 12337.400     0.99848
 12337.600     0.99650
 12337.800     0.99453
 12338.000     0.99312
 12338.200     0.99288
 12338.400     0.99530
 12338.600     0.99756
 12338.800     0.99823
 12339.000     0.99719
 12339.200     0.99526
 12339.400     0.99347
 12339.600     0.99299
 12339.800     0.99478
 12340.000     0.99551
 12340.200     0.99163
 12340.400     0.98647
 12340.600     0.98923
 12340.800     0.99601
 12341.000     0.99924
 12341.200     0.99943
 12341.400     0.99867
 12341.600     0.99832
 12341.800     0.99850
 12342.000     0.99466
 12342.200     0.97880
 12342.400     0.95893
 12342.600     0.93479
 12342.800     0.88231
 12343.000     0.87268
 12343.200     0.93889
 12343.400     0.98574
 12343.600     0.99438
 12343.800     0.99672
 12344.000     0.99822
 12344.200     0.99869
 12344.400     0.99934
 12344.600     0.99976
 12344.800     0.99953
 12345.000     0.99810
 12345.200     0.99655
 12345.400     0.99736
 12345.600     0.99852
 12345.800     0.99784
 12346.000     0.99697
 12346.200     0.99823
 12346.400     0.99921
 12346.600     0.99856
 12346.800     0.99767
 12347.000     0.99749
 12347.200     0.99535
 12347.400     0.98658
 12347.600     0.97692
 12347.800     0.98029
 12348.000     0.99069
 12348.200     0.99578
 12348.400     0.99616
 12348.600     0.99733
 12348.800     0.99902
 12349.000     0.99967
 12349.200     0.99958
 12349.400     0.99945
 12349.600     0.99962
 12349.800     0.99972
 12350.000     0.99950
 12350.200     0.99924
 12350.400     0.99922
 12350.600     0.99890
 12350.800     0.99781
 12351.000     0.99554
 12351.200     0.99387
 12351.400     0.99641
 12351.600     0.99881
 12351.800     0.99909
 12352.000     0.99875
 12352.200     0.99767
 12352.400     0.99684
 12352.600     0.99786
 12352.800     0.99864
 12353.000     0.99838
 12353.200     0.99849
 12353.400     0.99910
 12353.600     0.99838
 12353.800     0.99111
 12354.000     0.97520
 12354.200     0.96904
 12354.400     0.98390
 12354.600     0.99576
 12354.800     0.99829
 12355.000     0.99902
 12355.200     0.99932
 12355.400     0.99908
 12355.600     0.99822
 12355.800     0.99760
 12356.000     0.99857
 12356.200     0.99953
 12356.400     0.99919
 12356.600     0.99692
 12356.800     0.99443
 12357.000     0.99572
 12357.200     0.99845
 12357.400     0.99970
 12357.600     0.99993
 12357.800     0.99997
 12358.000     0.99999
 12358.200     0.99987
 12358.400     0.99915
 12358.600     0.99730
 12358.800     0.99620
 12359.000     0.99774
 12359.200     0.99846
 12359.400     0.99706
 12359.600     0.99619
 12359.800     0.99712
 12360.000     0.99850
 12360.200     0.99933
 12360.400     0.99953
 12360.600     0.99946
 12360.800     0.99929
 12361.000     0.99877
 12361.200     0.99751
 12361.400     0.99675
 12361.600     0.99676
 12361.800     0.99578
 12362.000     0.99447
 12362.200     0.99474
 12362.400     0.99680
 12362.600     0.99826
 12362.800     0.99868
 12363.000     0.99908
 12363.200     0.99892
 12363.400     0.99796
 12363.600     0.99721
 12363.800     0.99738
 12364.000     0.99554
 12364.200     0.99281
 12364.400     0.99471
 12364.600     0.99695
 12364.800     0.99715
 12365.000     0.99841
 12365.200     0.99931
 12365.400     0.99856
 12365.600     0.99631
 12365.800     0.99336
 12366.000     0.99044
 12366.200     0.98182
 12366.400     0.97413
 12366.600     0.98481
 12366.800     0.99577
 12367.000     0.99811
 12367.200     0.99630
 12367.400     0.99387
 12367.600     0.99493
 12367.800     0.99656
 12368.000     0.99816
 12368.200     0.99888
 12368.400     0.99857
 12368.600     0.99873
 12368.800     0.99934
 12369.000     0.99956
 12369.200     0.99838
 12369.400     0.99263
 12369.600     0.98358
 12369.800     0.98285
 12370.000     0.99029
 12370.200     0.99324
 12370.400     0.99321
 12370.600     0.99603
 12370.800     0.99866
 12371.000     0.99957
 12371.200     0.99985
 12371.400     0.99994
 12371.600     0.99986
 12371.800     0.99963
 12372.000     0.99953
 12372.200     0.99966
 12372.400     0.99965
 12372.600     0.99954
 12372.800     0.99950
 12373.000     0.99887
 12373.200     0.99449
 12373.400     0.98189
 12373.600     0.97402
 12373.800     0.98571
 12374.000     0.99613
 12374.200     0.99796
 12374.400     0.99844
 12374.600     0.99879
 12374.800     0.99925
 12375.000     0.99973
 12375.200     0.99994
 12375.400     0.99999
 12375.600     1.00000
 12375.800     1.00000
 12376.000     0.99996
 12376.200     0.99953
 12376.400     0.99779
 12376.600     0.99616
 12376.800     0.99723
 12377.000     0.99784
 12377.200     0.99689
 12377.400     0.99634
 12377.600     0.99527
 12377.800     0.99468
 12378.000     0.99710
 12378.200     0.99899
 12378.400     0.99848
 12378.600     0.99711
 12378.800     0.99639
 12379.000     0.99674
 12379.200     0.99835
 12379.400     0.99949
 12379.600     0.99937
 12379.800     0.99856
 12380.000     0.99801
 12380.200     0.99785
 12380.400     0.99786
 12380.600     0.99837
 12380.800     0.99820
 12381.000     0.99765
 12381.200     0.99741
 12381.400     0.99606
 12381.600     0.99503
 12381.800     0.99559
 12382.000     0.99617
 12382.200     0.99794
 12382.400     0.99936
 12382.600     0.99908
 12382.800     0.99828
 12383.000     0.99856
 12383.200     0.99904
 12383.400     0.99674
 12383.600     0.98553
 12383.800     0.97311
 12384.000     0.98031
 12384.200     0.99361
 12384.400     0.99893
 12384.600     0.99977
 12384.800     0.99956
 12385.000     0.99876
 12385.200     0.99831
 12385.400     0.99903
 12385.600     0.99945
 12385.800     0.99880
 12386.000     0.99830
 12386.200     0.99908
 12386.400     0.99981
 12386.600     0.99995
 12386.800     0.99974
 12387.000     0.99873
 12387.200     0.99751
 12387.400     0.99800
 12387.600     0.99915
 12387.800     0.99917
 12388.000     0.99779
 12388.200     0.99501
 12388.400     0.99288
 12388.600     0.99465
 12388.800     0.99754
 12389.000     0.99874
 12389.200     0.99860
 12389.400     0.99622
 12389.600     0.98527
 12389.800     0.94252
 12390.000     0.85631
 12390.200     0.82256
 12390.400     0.90620
 12390.600     0.97852
 12390.800     0.99558
 12391.000     0.99634
 12391.200     0.99345
 12391.400     0.98461
 12391.600     0.97789
 12391.800     0.98626
 12392.000     0.99489
 12392.200     0.99668
 12392.400     0.99796
 12392.600     0.99764
 12392.800     0.99002
 12393.000     0.97891
 12393.200     0.97973
 12393.400     0.98928
 12393.600     0.99649
 12393.800     0.99881
 12394.000     0.99814
 12394.200     0.99706
 12394.400     0.99772
 12394.600     0.99859
 12394.800     0.99848
 12395.000     0.99749
 12395.200     0.99274
 12395.400     0.96507
 12395.600     0.87477
 12395.800     0.78181
 12396.000     0.82382
 12396.200     0.92001
 12396.400     0.96743
 12396.600     0.98279
 12396.800     0.98761
 12397.000     0.99112
 12397.200     0.99502
 12397.400     0.99755
 12397.600     0.99837
 12397.800     0.99811
 12398.000     0.99723
 12398.200     0.99734
 12398.400     0.99811
 12398.600     0.99737
 12398.800     0.99561
 12399.000     0.99437
 12399.200     0.99261
 12399.400     0.99151
 12399.600     0.99413
 12399.800     0.99691
 12400.000     0.99809
 12400.200     0.99886
 12400.400     0.99854
 12400.600     0.99781
 12400.800     0.99855
 12401.000     0.99952
 12401.200     0.99973
 12401.400     0.99919
 12401.600     0.99804
 12401.800     0.99758
 12402.000     0.99837
 12402.200     0.99888
 12402.400     0.99923
 12402.600     0.99955
 12402.800     0.99973
 12403.000     0.99986
 12403.200     0.99991
 12403.400     0.99967
 12403.600     0.99922
 12403.800     0.99857
 12404.000     0.99697
 12404.200     0.99548
 12404.400     0.99434
 12404.600     0.99274
 12404.800     0.99403
 12405.000     0.99604
 12405.200     0.99728
 12405.400     0.99727
 12405.600     0.99708
 12405.800     0.99774
 12406.000     0.99808
 12406.200     0.99737
 12406.400     0.99673
 12406.600     0.99644
 12406.800     0.99461
 12407.000     0.99366
 12407.200     0.99476
 12407.400     0.99598
 12407.600     0.99724
 12407.800     0.99525
 12408.000     0.98336
 12408.200     0.96603
 12408.400     0.96471
 12408.600     0.97990
 12408.800     0.99328
 12409.000     0.99751
 12409.200     0.99783
 12409.400     0.99878
 12409.600     0.99943
 12409.800     0.99934
 12410.000     0.99900
 12410.200     0.99698
 12410.400     0.98990
 12410.600     0.98385
 12410.800     0.98996
 12411.000     0.99634
 12411.200     0.99697
 12411.400     0.99618
 12411.600     0.99642
 12411.800     0.99671
 12412.000     0.99752
 12412.200     0.99834
 12412.400     0.99896
 12412.600     0.99881
 12412.800     0.99805
 12413.000     0.99811
 12413.200     0.99909
 12413.400     0.99968
 12413.600     0.99899
 12413.800     0.99539
 12414.000     0.99103
 12414.200     0.99265
 12414.400     0.99706
 12414.600     0.99834
 12414.800     0.99782
 12415.000     0.99864
 12415.200     0.99952
 12415.400     0.99806
 12415.600     0.98958
 12415.800     0.97772
 12416.000     0.97909
 12416.200     0.99003
 12416.400     0.99729
 12416.600     0.99927
 12416.800     0.99945
 12417.000     0.99942
 12417.200     0.99883
 12417.400     0.99387
 12417.600     0.97050
 12417.800     0.92425
 12418.000     0.90765
 12418.200     0.95077
 12418.400     0.98655
 12418.600     0.99507
 12418.800     0.99610
 12419.000     0.99655
 12419.200     0.99639
 12419.400     0.99711
 12419.600     0.99823
 12419.800     0.99919
 12420.000     0.99974
 12420.200     0.99982
 12420.400     0.99966
 12420.600     0.99906
 12420.800     0.99792
 12421.000     0.99750
 12421.200     0.99837
 12421.400     0.99853
 12421.600     0.99653
 12421.800     0.99437
 12422.000     0.99435
 12422.200     0.99382
 12422.400     0.99079
 12422.600     0.96939
 12422.800     0.89656
 12423.000     0.82030
 12423.200     0.85431
 12423.400     0.92511
 12423.600     0.94707
 12423.800     0.96024
 12424.000     0.97893
 12424.200     0.98837
 12424.400     0.99341
 12424.600     0.99551
 12424.800     0.99520
 12425.000     0.99561
 12425.200     0.99569
 12425.400     0.99454
 12425.600     0.99092
 12425.800     0.97997
 12426.000     0.95884
 12426.200     0.94808
 12426.400     0.96622
 12426.600     0.98556
 12426.800     0.99279
 12427.000     0.99419
 12427.200     0.99166
 12427.400     0.98929
 12427.600     0.99241
 12427.800     0.99612
 12428.000     0.99791
 12428.200     0.99867
 12428.400     0.99898
 12428.600     0.99934
 12428.800     0.99975
 12429.000     0.99996
 12429.200     0.99997
 12429.400     0.99995
 12429.600     0.99983
 12429.800     0.99927
 12430.000     0.99871
 12430.200     0.99888
 12430.400     0.99820
 12430.600     0.99694
 12430.800     0.99746
 12431.000     0.99849
 12431.200     0.99812
 12431.400     0.99720
 12431.600     0.99660
 12431.800     0.98899
 12432.000     0.95452
 12432.200     0.91137
 12432.400     0.91964
 12432.600     0.94310
 12432.800     0.94429
 12433.000     0.94096
 12433.200     0.87758
 12433.400     0.78426
 12433.600     0.80000
 12433.800     0.88960
 12434.000     0.95699
 12434.200     0.98332
 12434.400     0.98955
 12434.600     0.99327
 12434.800     0.99647
 12435.000     0.99754
 12435.200     0.99704
 12435.400     0.99626
 12435.600     0.99462
 12435.800     0.98702
 12436.000     0.97444
 12436.200     0.97135
 12436.400     0.98223
 12436.600     0.99281
 12436.800     0.99738
 12437.000     0.99874
 12437.200     0.99928
 12437.400     0.99967
 12437.600     0.99982
 12437.800     0.99985
 12438.000     0.99983
 12438.200     0.99983
 12438.400     0.99986
 12438.600     0.99974
 12438.800     0.99792
 12439.000     0.98921
 12439.200     0.97626
 12439.400     0.97269
 12439.600     0.97287
 12439.800     0.96109
 12440.000     0.94981
 12440.200     0.96877
 12440.400     0.99052
 12440.600     0.99807
 12440.800     0.99966
 12441.000     0.99979
 12441.200     0.99962
 12441.400     0.99955
 12441.600     0.99970
 12441.800     0.99980
 12442.000     0.99959
 12442.200     0.99892
 12442.400     0.99760
 12442.600     0.99668
 12442.800     0.99784
 12443.000     0.99853
 12443.200     0.99703
 12443.400     0.99369
 12443.600     0.98838
 12443.800     0.98574
 12444.000     0.99141
 12444.200     0.99720
 12444.400     0.99830
 12444.600     0.99609
 12444.800     0.99319
 12445.000     0.99369
 12445.200     0.99681
 12445.400     0.99775
 12445.600     0.99645
 12445.800     0.99500
 12446.000     0.99342
 12446.200     0.99270
 12446.400     0.99248
 12446.600     0.99529
 12446.800     0.99857
 12447.000     0.99979
 12447.200     0.99994
 12447.400     0.99986
 12447.600     0.99978
 12447.800     0.99978
 12448.000     0.99943
 12448.200     0.99826
 12448.400     0.99669
 12448.600     0.99487
 12448.800     0.99412
 12449.000     0.99680
 12449.200     0.99916
 12449.400     0.99972
 12449.600     0.99989
 12449.800     0.99998
 12450.000     0.99997
 12450.200     0.99985
 12450.400     0.99943
 12450.600     0.99846
 12450.800     0.99578
 12451.000     0.98988
 12451.200     0.97969
 12451.400     0.97365
 12451.600     0.98556
 12451.800     0.99683
 12452.000     0.99946
 12452.200     0.99974
 12452.400     0.99931
 12452.600     0.99803
 12452.800     0.99701
 12453.000     0.99767
 12453.200     0.99899
 12453.400     0.99961
 12453.600     0.99980
 12453.800     0.99987
 12454.000     0.99974
 12454.200     0.99852
 12454.400     0.99419
 12454.600     0.98987
 12454.800     0.99157
 12455.000     0.99477
 12455.200     0.99726
 12455.400     0.99901
 12455.600     0.99937
 12455.800     0.99823
 12456.000     0.99657
 12456.200     0.99618
 12456.400     0.99657
 12456.600     0.99684
 12456.800     0.99307
 12457.000     0.98472
 12457.200     0.98226
 12457.400     0.99023
 12457.600     0.99688
 12457.800     0.99754
 12458.000     0.99323
 12458.200     0.98885
 12458.400     0.99061
 12458.600     0.99032
 12458.800     0.98157
 12459.000     0.97435
 12459.200     0.98329
 12459.400     0.99165
 12459.600     0.98440
 12459.800     0.97432
 12460.000     0.98124
 12460.200     0.99303
 12460.400     0.99791
 12460.600     0.99836
 12460.800     0.99742
 12461.000     0.99614
 12461.200     0.99494
 12461.400     0.99652
 12461.600     0.99882
 12461.800     0.99954
 12462.000     0.99888
 12462.200     0.99800
 12462.400     0.99832
 12462.600     0.99855
 12462.800     0.99656
 12463.000     0.99105
 12463.200     0.97996
 12463.400     0.97163
 12463.600     0.98043
 12463.800     0.98951
 12464.000     0.99191
 12464.200     0.99373
 12464.400     0.99584
 12464.600     0.99745
 12464.800     0.99854
 12465.000     0.99913
 12465.200     0.99954
 12465.400     0.99974
 12465.600     0.99963
 12465.800     0.99927
 12466.000     0.99906
 12466.200     0.99937
 12466.400     0.99947
 12466.600     0.99887
 12466.800     0.99803
 12467.000     0.99749
 12467.200     0.99600
 12467.400     0.99424
 12467.600     0.99498
 12467.800     0.99593
 12468.000     0.99464
 12468.200     0.99181
 12468.400     0.98861
 12468.600     0.98971
 12468.800     0.99375
 12469.000     0.98968
 12469.200     0.97920
 12469.400     0.97743
 12469.600     0.98366
 12469.800     0.99125
 12470.000     0.99407
 12470.200     0.99280
 12470.400     0.99294
 12470.600     0.99451
 12470.800     0.99707
 12471.000     0.99834
 12471.200     0.99616
 12471.400     0.99378
 12471.600     0.99620
 12471.800     0.99883
 12472.000     0.99926
 12472.200     0.99940
 12472.400     0.99970
 12472.600     0.99980
 12472.800     0.99964
 12473.000     0.99928
 12473.200     0.99862
 12473.400     0.99771
 12473.600     0.99665
 12473.800     0.99616
 12474.000     0.99737
 12474.200     0.99801
 12474.400     0.99768
 12474.600     0.99855
 12474.800     0.99950
 12475.000     0.99972
 12475.200     0.99951
 12475.400     0.99682
 12475.600     0.98580
 12475.800     0.97546
 12476.000     0.98404
 12476.200     0.99465
 12476.400     0.99782
 12476.600     0.99899
 12476.800     0.99960
 12477.000     0.99953
 12477.200     0.99723
 12477.400     0.98817
 12477.600     0.98023
 12477.800     0.98788
 12478.000     0.99578
 12478.200     0.99649
 12478.400     0.99665
 12478.600     0.99832
 12478.800     0.99954
 12479.000     0.99984
 12479.200     0.99982
 12479.400     0.99979
 12479.600     0.99979
 12479.800     0.99985
 12480.000     0.99992
 12480.200     0.99995
 12480.400     0.99989
 12480.600     0.99978
 12480.800     0.99976
 12481.000     0.99961
 12481.200     0.99876
 12481.400     0.99730
 12481.600     0.99637
 12481.800     0.99671
 12482.000     0.99798
 12482.200     0.99894
 12482.400     0.99906
 12482.600     0.99738
 12482.800     0.98966
 12483.000     0.98054
 12483.200     0.98456
 12483.400     0.99297
 12483.600     0.99653
 12483.800     0.99794
 12484.000     0.99838
 12484.200     0.99547
 12484.400     0.98277
 12484.600     0.97046
 12484.800     0.98021
 12485.000     0.99223
 12485.200     0.99378
 12485.400     0.99279
 12485.600     0.99484
 12485.800     0.99802
 12486.000     0.99920
 12486.200     0.99908
 12486.400     0.99909
 12486.600     0.99846
 12486.800     0.99512
 12487.000     0.99170
 12487.200     0.99425
 12487.400     0.99817
 12487.600     0.99958
 12487.800     0.99981
 12488.000     0.99987
 12488.200     0.99988
 12488.400     0.99967
 12488.600     0.99848
 12488.800     0.99542
 12489.000     0.99360
 12489.200     0.99633
 12489.400     0.99904
 12489.600     0.99976
 12489.800     0.99983
 12490.000     0.99973
 12490.200     0.99925
 12490.400     0.99867
 12490.600     0.99861
 12490.800     0.99827
 12491.000     0.99778
 12491.200     0.99852
 12491.400     0.99933
 12491.600     0.99965
 12491.800     0.99978
 12492.000     0.99976
 12492.200     0.99931
 12492.400     0.99743
 12492.600     0.99567
 12492.800     0.99710
 12493.000     0.99882
 12493.200     0.99951
 12493.400     0.99952
 12493.600     0.99860
 12493.800     0.99712
 12494.000     0.99616
 12494.200     0.99542
 12494.400     0.99519
 12494.600     0.99578
 12494.800     0.99359
 12495.000     0.98566
 12495.200     0.98174
 12495.400     0.98997
 12495.600     0.99556
 12495.800     0.99512
 12496.000     0.99658
 12496.200     0.99884
 12496.400     0.99977
 12496.600     0.99995
 12496.800     0.99965
 12497.000     0.99816
 12497.200     0.99578
 12497.400     0.99555
 12497.600     0.99789
 12497.800     0.99944
 12498.000     0.99950
 12498.200     0.99922
 12498.400     0.99936
 12498.600     0.99963
 12498.800     0.99969
 12499.000     0.99916
 12499.200     0.99826
 12499.400     0.99819
 12499.600     0.99839
 12499.800     0.99822
 12500.000     0.99889
 12500.200     0.99969
 12500.400     0.99991
 12500.600     0.99957
 12500.800     0.99795
 12501.000     0.99632
 12501.200     0.99757
 12501.400     0.99931
 12501.600     0.99984
 12501.800     0.99985
 12502.000     0.99973
 12502.200     0.99973
 12502.400     0.99977
 12502.600     0.99815
 12502.800     0.98995
 12503.000     0.97993
 12503.200     0.98379
 12503.400     0.99392
 12503.600     0.99881
 12503.800     0.99963
 12504.000     0.99943
 12504.200     0.99939
 12504.400     0.99962
 12504.600     0.99982
 12504.800     0.99992
 12505.000     0.99997
 12505.200     0.99999
 12505.400     0.99995
 12505.600     0.99990
 12505.800     0.99972
 12506.000     0.99882
 12506.200     0.99791
 12506.400     0.99858
 12506.600     0.99929
 12506.800     0.99876
 12507.000     0.99694
 12507.200     0.99568
 12507.400     0.99687
 12507.600     0.99884
 12507.800     0.99968
 12508.000     0.99973
 12508.200     0.99972
 12508.400     0.99977
 12508.600     0.99964
 12508.800     0.99945
 12509.000     0.99958
 12509.200     0.99965
 12509.400     0.99898
 12509.600     0.99503
 12509.800     0.98406
 12510.000     0.97361
 12510.200     0.96585
 12510.400     0.94238
 12510.600     0.93455
 12510.800     0.96633
 12511.000     0.99136
 12511.200     0.99710
 12511.400     0.99723
 12511.600     0.99719
 12511.800     0.99669
 12512.000     0.98952
 12512.200     0.98164
 12512.400     0.98803
 12512.600     0.99628
 12512.800     0.99689
 12513.000     0.98950
 12513.200     0.97985
 12513.400     0.98326
 12513.600     0.99370
 12513.800     0.99860
 12514.000     0.99921
 12514.200     0.99950
 12514.400     0.99961
 12514.600     0.99944
 12514.800     0.99935
 12515.000     0.99923
 12515.200     0.99937
 12515.400     0.99961
 12515.600     0.99945
 12515.800     0.99915
 12516.000     0.99929
 12516.200     0.99933
 12516.400     0.99891
 12516.600     0.99833
 12516.800     0.99819
 12517.000     0.99835
 12517.200     0.99785
 12517.400     0.99676
 12517.600     0.99619
 12517.800     0.99765
 12518.000     0.99873
 12518.200     0.99895
 12518.400     0.99910
 12518.600     0.99905
 12518.800     0.99904
 12519.000     0.99857
 12519.200     0.99790
 12519.400     0.99837
 12519.600     0.99828
 12519.800     0.99761
 12520.000     0.99850
 12520.200     0.99946
 12520.400     0.99950
 12520.600     0.99930
 12520.800     0.99932
 12521.000     0.99923
 12521.200     0.99792
 12521.400     0.98631
 12521.600     0.93570
 12521.800     0.86123
 12522.000     0.82889
 12522.200     0.84824
 12522.400     0.92478
 12522.600     0.98124
 12522.800     0.99535
 12523.000     0.99583
 12523.200     0.99321
 12523.400     0.99303
 12523.600     0.99641
 12523.800     0.99882
 12524.000     0.99934
 12524.200     0.99950
 12524.400     0.99966
 12524.600     0.99973
 12524.800     0.99982
 12525.000     0.99986
 12525.200     0.99964
 12525.400     0.99839
 12525.600     0.99477
 12525.800     0.99082
 12526.000     0.99156
 12526.200     0.99467
 12526.400     0.99583
 12526.600     0.99583
 12526.800     0.99593
 12527.000     0.99691
 12527.200     0.99758
 12527.400     0.99329
 12527.600     0.98551
 12527.800     0.98583
 12528.000     0.99388
 12528.200     0.99868
 12528.400     0.99939
 12528.600     0.99953
 12528.800     0.99971
 12529.000     0.99976
 12529.200     0.99971
 12529.400     0.99943
 12529.600     0.99810
 12529.800     0.99543
 12530.000     0.99361
 12530.200     0.99252
 12530.400     0.98899
 12530.600     0.98482
 12530.800     0.98403
 12531.000     0.98880
 12531.200     0.99332
 12531.400     0.99630
 12531.600     0.99842
 12531.800     0.99935
 12532.000     0.99962
 12532.200     0.99932
 12532.400     0.99408
 12532.600     0.96991
 12532.800     0.94560
 12533.000     0.96419
 12533.200     0.98951
 12533.400     0.99763
 12533.600     0.99811
 12533.800     0.99685
 12534.000     0.99705
 12534.200     0.99813
 12534.400     0.99874
 12534.600     0.99903
 12534.800     0.99939
 12535.000     0.99970
 12535.200     0.99983
 12535.400     0.99981
 12535.600     0.99974
 12535.800     0.99960
 12536.000     0.99933
 12536.200     0.99775
 12536.400     0.99099
 12536.600     0.98174
 12536.800     0.98250
 12537.000     0.99003
 12537.200     0.99415
 12537.400     0.99657
 12537.600     0.99840
 12537.800     0.99897
 12538.000     0.99892
 12538.200     0.99847
 12538.400     0.99725
 12538.600     0.99602
 12538.800     0.99591
 12539.000     0.99537
 12539.200     0.99266
 12539.400     0.98372
 12539.600     0.96602
 12539.800     0.95567
 12540.000     0.96866
 12540.200     0.98528
 12540.400     0.99274
 12540.600     0.99535
 12540.800     0.99683
 12541.000     0.99774
 12541.200     0.99810
 12541.400     0.99779
 12541.600     0.99557
 12541.800     0.99335
 12542.000     0.99528
 12542.200     0.99797
 12542.400     0.99893
 12542.600     0.99903
 12542.800     0.99875
 12543.000     0.99735
 12543.200     0.99618
 12543.400     0.99673
 12543.600     0.99651
 12543.800     0.99618
 12544.000     0.99710
 12544.200     0.99853
 12544.400     0.99909
 12544.600     0.99879
 12544.800     0.99727
 12545.000     0.99516
 12545.200     0.99429
 12545.400     0.99454
 12545.600     0.99435
 12545.800     0.99117
 12546.000     0.98904
 12546.200     0.99392
 12546.400     0.99797
 12546.600     0.99882
 12546.800     0.99937
 12547.000     0.99975
 12547.200     0.99972
 12547.400     0.99866
 12547.600     0.99334
 12547.800     0.98237
 12548.000     0.97770
 12548.200     0.98721
 12548.400     0.99572
 12548.600     0.99744
 12548.800     0.99558
 12549.000     0.98797
 12549.200     0.96389
 12549.400     0.93366
 12549.600     0.93841
 12549.800     0.97128
 12550.000     0.99263
 12550.200     0.99818
 12550.400     0.99892
 12550.600     0.99871
 12550.800     0.99787
 12551.000     0.99705
 12551.200     0.99808
 12551.400     0.99880
 12551.600     0.99695
 12551.800     0.99440
 12552.000     0.99540
 12552.200     0.99814
 12552.400     0.99940
 12552.600     0.99909
 12552.800     0.99755
 12553.000     0.99635
 12553.200     0.99611
 12553.400     0.99579
 12553.600     0.99742
 12553.800     0.99898
 12554.000     0.99888
 12554.200     0.99857
 12554.400     0.99909
 12554.600     0.99963
 12554.800     0.99981
 12555.000     0.99970
 12555.200     0.99896
 12555.400     0.99764
 12555.600     0.99642
 12555.800     0.99422
 12556.000     0.99276
 12556.200     0.99584
 12556.400     0.99632
 12556.600     0.97386
 12556.800     0.88799
 12557.000     0.81541
 12557.200     0.89058
 12557.400     0.97536
 12557.600     0.99558
 12557.800     0.99079
 12558.000     0.97852
 12558.200     0.97489
 12558.400     0.98570
 12558.600     0.99517
 12558.800     0.99631
 12559.000     0.99503
 12559.200     0.99695
 12559.400     0.99916
 12559.600     0.99975
 12559.800     0.99977
 12560.000     0.99966
 12560.200     0.99943
 12560.400     0.99917
 12560.600     0.99897
 12560.800     0.99822
 12561.000     0.99705
 12561.200     0.99603
 12561.400     0.99328
 12561.600     0.98090
 12561.800     0.94810
 12562.000     0.91466
 12562.200     0.92372
 12562.400     0.96277
 12562.600     0.98840
 12562.800     0.99647
 12563.000     0.99856
 12563.200     0.99914
 12563.400     0.99938
 12563.600     0.99951
 12563.800     0.99953
 12564.000     0.99950
 12564.200     0.99940
 12564.400     0.99874
 12564.600     0.99561
 12564.800     0.99155
 12565.000     0.99255
 12565.200     0.99671
 12565.400     0.99914
 12565.600     0.99970
 12565.800     0.99952
 12566.000     0.99917
 12566.200     0.99923
 12566.400     0.99922
 12566.600     0.99768
 12566.800     0.99477
 12567.000     0.99417
 12567.200     0.99697
 12567.400     0.99916
 12567.600     0.99960
 12567.800     0.99947
 12568.000     0.99923
 12568.200     0.99879
 12568.400     0.99668
 12568.600     0.98622
 12568.800     0.95836
 12569.000     0.93285
 12569.200     0.93992
 12569.400     0.94426
 12569.600     0.93625
 12569.800     0.96027
 12570.000     0.98556
 12570.200     0.99322
 12570.400     0.99622
 12570.600     0.99832
 12570.800     0.99910
 12571.000     0.99914
 12571.200     0.99930
 12571.400     0.99952
 12571.600     0.99974
 12571.800     0.99987
 12572.000     0.99978
 12572.200     0.99948
 12572.400     0.99894
 12572.600     0.99809
 12572.800     0.99608
 12573.000     0.98781
 12573.200     0.97943
 12573.400     0.98619
 12573.600     0.99496
 12573.800     0.99744
 12574.000     0.99877
 12574.200     0.99952
 12574.400     0.99869
 12574.600     0.99723
 12574.800     0.99737
 12575.000     0.99838
 12575.200     0.99700
 12575.400     0.99446
 12575.600     0.99520
 12575.800     0.99620
 12576.000     0.99536
 12576.200     0.99626
 12576.400     0.99833
 12576.600     0.99927
 12576.800     0.99920
 12577.000     0.99835
 12577.200     0.99760
 12577.400     0.99820
 12577.600     0.99920
 12577.800     0.99967
 12578.000     0.99982
 12578.200     0.99993
 12578.400     0.99997
 12578.600     0.99995
 12578.800     0.99993
 12579.000     0.99977
 12579.200     0.99933
 12579.400     0.99855
 12579.600     0.99806
 12579.800     0.99757
 12580.000     0.99348
 12580.200     0.98905
 12580.400     0.99109
 12580.600     0.99319
 12580.800     0.99422
 12581.000     0.99252
 12581.200     0.97808
 12581.400     0.94636
 12581.600     0.92742
 12581.800     0.95060
 12582.000     0.98213
 12582.200     0.99545
 12582.400     0.99784
 12582.600     0.99665
 12582.800     0.99497
 12583.000     0.99571
 12583.200     0.99591
 12583.400     0.98653
 12583.600     0.94319
 12583.800     0.86965
 12584.000     0.85596
 12584.200     0.92642
 12584.400     0.98107
 12584.600     0.99524
 12584.800     0.99561
 12585.000     0.98751
 12585.200     0.97981
 12585.400     0.98748
 12585.600     0.99642
 12585.800     0.99898
 12586.000     0.99903
 12586.200     0.99670
 12586.400     0.99075
 12586.600     0.98556
 12586.800     0.98311
 12587.000     0.98170
 12587.200     0.99014
 12587.400     0.99779
 12587.600     0.99912
 12587.800     0.99846
 12588.000     0.99782
 12588.200     0.99601
 12588.400     0.98757
 12588.600     0.97955
 12588.800     0.98354
 12589.000     0.97935
 12589.200     0.97046
 12589.400     0.98099
 12589.600     0.99402
 12589.800     0.99838
 12590.000     0.99892
 12590.200     0.99773
 12590.400     0.99414
 12590.600     0.98651
 12590.800     0.98039
 12591.000     0.98457
 12591.200     0.99217
 12591.400     0.99643
 12591.600     0.99700
 12591.800     0.99496
 12592.000     0.99359
 12592.200     0.99591
 12592.400     0.99860
 12592.600     0.99924
 12592.800     0.99843
 12593.000     0.99657
 12593.200     0.99395
 12593.400     0.98826
 12593.600     0.98004
 12593.800     0.98165
 12594.000     0.99153
 12594.200     0.99798
 12594.400     0.99952
 12594.600     0.99943
 12594.800     0.99877
 12595.000     0.99784
 12595.200     0.99814
 12595.400     0.99923
 12595.600     0.99976
 12595.800     0.99954
 12596.000     0.99809
 12596.200     0.99555
 12596.400     0.99487
 12596.600     0.99710
 12596.800     0.99889
 12597.000     0.99922
 12597.200     0.99944
 12597.400     0.99936
 12597.600     0.99852
 12597.800     0.99799
 12598.000     0.99880
 12598.200     0.99957
 12598.400     0.99977
 12598.600     0.99981
 12598.800     0.99949
 12599.000     0.99781
 12599.200     0.99531
 12599.400     0.99535
 12599.600     1.00000
 12599.800     1.00000
 12600.000     1.00000
