the number of points per synthesis =    901
start =  10100.000     stop =  10280.000     step =      0.200
 10100.000     1.00000
 10100.200     1.00000
 10100.400     1.00000
 10100.600     0.99970
 10100.800     0.99996
 10101.000     0.99995
 10101.200     0.99931
 10101.400     0.99452
 10101.600     0.98822
 10101.800     0.99437
 10102.000     0.99897
 10102.200     0.99960
 10102.400     0.99988
 10102.600     0.99996
 10102.800     0.99959
 10103.000     0.99779
 10103.200     0.98500
 10103.400     0.96656
 10103.600     0.98397
 10103.800     0.99340
 10104.000     0.98359
 10104.200     0.97584
 10104.400     0.98887
 10104.600     0.99737
 10104.800     0.99846
 10105.000     0.99694
 10105.200     0.99077
 10105.400     0.97699
 10105.600     0.97237
 10105.800     0.98665
 10106.000     0.99494
 10106.200     0.99840
 10106.400     0.99971
 10106.600     0.99993
 10106.800     0.99999
 10107.000     1.00000
 10107.200     0.99995
 10107.400     0.99984
 10107.600     0.99924
 10107.800     0.99830
 10108.000     0.99916
 10108.200     0.99963
 10108.400     0.99927
 10108.600     0.99854
 10108.800     0.99616
 10109.000     0.99532
 10109.200     0.99676
 10109.400     0.99744
 10109.600     0.99906
 10109.800     0.99975
 10110.000     0.99956
 10110.200     0.99952
 10110.400     0.99922
 10110.600     0.99939
 10110.800     0.99960
 10111.000     0.99971
 10111.200     0.99923
 10111.400     0.99585
 10111.600     0.98632
 10111.800     0.98077
 10112.000     0.99113
 10112.200     0.99649
 10112.400     0.99176
 10112.600     0.98821
 10112.800     0.99280
 10113.000     0.98669
 10113.200     0.97221
 10113.400     0.98650
 10113.600     0.99339
 10113.800     0.95203
 10114.000     0.88654
 10114.200     0.93542
 10114.400     0.98587
 10114.600     0.99418
 10114.800     0.99601
 10115.000     0.99745
 10115.200     0.99858
 10115.400     0.99938
 10115.600     0.99944
 10115.800     0.99855
 10116.000     0.99191
 10116.200     0.98245
 10116.400     0.99208
 10116.600     0.99899
 10116.800     0.99949
 10117.000     0.99945
 10117.200     0.99975
 10117.400     0.99979
 10117.600     0.99871
 10117.800     0.99735
 10118.000     0.99832
 10118.200     0.99585
 10118.400     0.99059
 10118.600     0.99394
 10118.800     0.99831
 10119.000     0.99879
 10119.200     0.99757
 10119.400     0.99658
 10119.600     0.99463
 10119.800     0.99761
 10120.000     0.99856
 10120.200     0.98656
 10120.400     0.96836
 10120.600     0.98325
 10120.800     0.99396
 10121.000     0.99292
 10121.200     0.99000
 10121.400     0.99438
 10121.600     0.99845
 10121.800     0.99933
 10122.000     0.99954
 10122.200     0.99954
 10122.400     0.99945
 10122.600     0.99926
 10122.800     0.99884
 10123.000     0.99799
 10123.200     0.99636
 10123.400     0.98807
 10123.600     0.94325
 10123.800     0.87154
 10124.000     0.89178
 10124.200     0.96254
 10124.400     0.99275
 10124.600     0.99527
 10124.800     0.98873
 10125.000     0.98370
 10125.200     0.99258
 10125.400     0.99855
 10125.600     0.99921
 10125.800     0.99880
 10126.000     0.99725
 10126.200     0.99210
 10126.400     0.98951
 10126.600     0.99554
 10126.800     0.99929
 10127.000     0.99969
 10127.200     0.99949
 10127.400     0.99904
 10127.600     0.99836
 10127.800     0.99141
 10128.000     0.97656
 10128.200     0.96827
 10128.400     0.97265
 10128.600     0.99066
 10128.800     0.99857
 10129.000     0.99803
 10129.200     0.99681
 10129.400     0.99838
 10129.600     0.99972
 10129.800     0.99998
 10130.000     1.00000
 10130.200     1.00000
 10130.400     1.00000
 10130.600     0.99996
 10130.800     0.99963
 10131.000     0.99816
 10131.200     0.99190
 10131.400     0.98492
 10131.600     0.99220
 10131.800     0.99633
 10132.000     0.99856
 10132.200     0.99940
 10132.400     0.99645
 10132.600     0.99188
 10132.800     0.99574
 10133.000     0.99893
 10133.200     0.99933
 10133.400     0.99909
 10133.600     0.99948
 10133.800     0.99822
 10134.000     0.98336
 10134.200     0.96261
 10134.400     0.98295
 10134.600     0.99698
 10134.800     0.98979
 10135.000     0.97313
 10135.200     0.97755
 10135.400     0.99235
 10135.600     0.99276
 10135.800     0.98471
 10136.000     0.99050
 10136.200     0.99654
 10136.400     0.98992
 10136.600     0.97841
 10136.800     0.98440
 10137.000     0.98010
 10137.200     0.98081
 10137.400     0.99326
 10137.600     0.99902
 10137.800     0.99897
 10138.000     0.99702
 10138.200     0.99506
 10138.400     0.99774
 10138.600     0.99930
 10138.800     0.99926
 10139.000     0.99921
 10139.200     0.99923
 10139.400     0.99970
 10139.600     0.99975
 10139.800     0.99948
 10140.000     0.99972
 10140.200     0.99955
 10140.400     0.99908
 10140.600     0.99953
 10140.800     0.99957
 10141.000     0.99736
 10141.200     0.99291
 10141.400     0.99265
 10141.600     0.99671
 10141.800     0.99918
 10142.000     0.99966
 10142.200     0.99856
 10142.400     0.98587
 10142.600     0.94667
 10142.800     0.92506
 10143.000     0.96596
 10143.200     0.98831
 10143.400     0.98379
 10143.600     0.98985
 10143.800     0.99246
 10144.000     0.99041
 10144.200     0.99571
 10144.400     0.99871
 10144.600     0.99859
 10144.800     0.99752
 10145.000     0.99037
 10145.200     0.94135
 10145.400     0.79579
 10145.600     0.70589
 10145.800     0.87337
 10146.000     0.97953
 10146.200     0.99528
 10146.400     0.99782
 10146.600     0.99804
 10146.800     0.99681
 10147.000     0.99592
 10147.200     0.99747
 10147.400     0.99766
 10147.600     0.99345
 10147.800     0.98915
 10148.000     0.99543
 10148.200     0.99954
 10148.400     0.99990
 10148.600     0.99956
 10148.800     0.99578
 10149.000     0.98957
 10149.200     0.99332
 10149.400     0.99730
 10149.600     0.98613
 10149.800     0.96841
 10150.000     0.98573
 10150.200     0.99824
 10150.400     0.99976
 10150.600     0.99991
 10150.800     0.99985
 10151.000     0.99947
 10151.200     0.99625
 10151.400     0.99163
 10151.600     0.99589
 10151.800     0.99893
 10152.000     0.99782
 10152.200     0.99553
 10152.400     0.99780
 10152.600     0.99901
 10152.800     0.99743
 10153.000     0.98810
 10153.200     0.96828
 10153.400     0.96087
 10153.600     0.96683
 10153.800     0.97508
 10154.000     0.99066
 10154.200     0.99851
 10154.400     0.99943
 10154.600     0.99915
 10154.800     0.99373
 10155.000     0.95141
 10155.200     0.89573
 10155.400     0.95499
 10155.600     0.99452
 10155.800     0.99262
 10156.000     0.97902
 10156.200     0.95731
 10156.400     0.93550
 10156.600     0.93463
 10156.800     0.97660
 10157.000     0.99789
 10157.200     0.99979
 10157.400     0.99988
 10157.600     0.99992
 10157.800     0.99998
 10158.000     0.99999
 10158.200     0.99993
 10158.400     0.99977
 10158.600     0.99969
 10158.800     0.99957
 10159.000     0.99944
 10159.200     0.99974
 10159.400     0.99996
 10159.600     1.00000
 10159.800     1.00000
 10160.000     0.99997
 10160.200     0.99986
 10160.400     0.99929
 10160.600     0.99837
 10160.800     0.99870
 10161.000     0.99947
 10161.200     0.99959
 10161.400     0.99875
 10161.600     0.99596
 10161.800     0.98675
 10162.000     0.97732
 10162.200     0.98697
 10162.400     0.99695
 10162.600     0.99954
 10162.800     0.99991
 10163.000     0.99990
 10163.200     0.99970
 10163.400     0.99879
 10163.600     0.99738
 10163.800     0.99863
 10164.000     0.99758
 10164.200     0.99455
 10164.400     0.99695
 10164.600     0.99758
 10164.800     0.99005
 10165.000     0.98183
 10165.200     0.99221
 10165.400     0.99839
 10165.600     0.99868
 10165.800     0.99951
 10166.000     0.99996
 10166.200     0.99998
 10166.400     0.99978
 10166.600     0.99928
 10166.800     0.99904
 10167.000     0.99614
 10167.200     0.96240
 10167.400     0.90855
 10167.600     0.94499
 10167.800     0.98842
 10168.000     0.99757
 10168.200     0.99669
 10168.400     0.99851
 10168.600     0.99971
 10168.800     0.99993
 10169.000     0.99999
 10169.200     0.99994
 10169.400     0.99964
 10169.600     0.99798
 10169.800     0.99387
 10170.000     0.99238
 10170.200     0.99667
 10170.400     0.99841
 10170.600     0.99894
 10170.800     0.99780
 10171.000     0.99520
 10171.200     0.99522
 10171.400     0.99219
 10171.600     0.99256
 10171.800     0.99245
 10172.000     0.99004
 10172.200     0.99474
 10172.400     0.98814
 10172.600     0.97412
 10172.800     0.98740
 10173.000     0.99257
 10173.200     0.98112
 10173.400     0.97401
 10173.600     0.98505
 10173.800     0.99581
 10174.000     0.99812
 10174.200     0.99929
 10174.400     0.99978
 10174.600     0.99957
 10174.800     0.99968
 10175.000     0.99967
 10175.200     0.99812
 10175.400     0.99485
 10175.600     0.99378
 10175.800     0.99545
 10176.000     0.99754
 10176.200     0.99926
 10176.400     0.99985
 10176.600     0.99964
 10176.800     0.99733
 10177.000     0.99382
 10177.200     0.99624
 10177.400     0.99905
 10177.600     0.99976
 10177.800     0.99990
 10178.000     0.99995
 10178.200     0.99991
 10178.400     0.99968
 10178.600     0.99895
 10178.800     0.99620
 10179.000     0.99250
 10179.200     0.99371
 10179.400     0.98975
 10179.600     0.97708
 10179.800     0.96440
 10180.000     0.98438
 10180.200     0.99811
 10180.400     0.99975
 10180.600     0.99949
 10180.800     0.99898
 10181.000     0.99940
 10181.200     0.99962
 10181.400     0.99939
 10181.600     0.99916
 10181.800     0.99862
 10182.000     0.99929
 10182.200     0.99949
 10182.400     0.99855
 10182.600     0.99519
 10182.800     0.99044
 10183.000     0.99316
 10183.200     0.99482
 10183.400     0.99462
 10183.600     0.99449
 10183.800     0.99750
 10184.000     0.99943
 10184.200     0.99958
 10184.400     0.99851
 10184.600     0.99689
 10184.800     0.99727
 10185.000     0.99896
 10185.200     0.99972
 10185.400     0.99991
 10185.600     0.99981
 10185.800     0.99956
 10186.000     0.99972
 10186.200     0.99947
 10186.400     0.99807
 10186.600     0.99703
 10186.800     0.99856
 10187.000     0.99970
 10187.200     0.99982
 10187.400     0.99947
 10187.600     0.99652
 10187.800     0.99053
 10188.000     0.99161
 10188.200     0.99674
 10188.400     0.99497
 10188.600     0.98929
 10188.800     0.99256
 10189.000     0.99444
 10189.200     0.99623
 10189.400     0.99879
 10189.600     0.99917
 10189.800     0.99838
 10190.000     0.99847
 10190.200     0.99868
 10190.400     0.99942
 10190.600     0.99913
 10190.800     0.99737
 10191.000     0.99701
 10191.200     0.99865
 10191.400     0.99961
 10191.600     0.99984
 10191.800     0.99986
 10192.000     0.99967
 10192.200     0.99936
 10192.400     0.99884
 10192.600     0.99685
 10192.800     0.98668
 10193.000     0.90789
 10193.200     0.80163
 10193.400     0.90746
 10193.600     0.98802
 10193.800     0.99847
 10194.000     0.99946
 10194.200     0.99974
 10194.400     0.99977
 10194.600     0.99850
 10194.800     0.98288
 10195.000     0.94402
 10195.200     0.93178
 10195.400     0.96302
 10195.600     0.98904
 10195.800     0.99762
 10196.000     0.99913
 10196.200     0.99444
 10196.400     0.98716
 10196.600     0.99372
 10196.800     0.99627
 10197.000     0.99338
 10197.200     0.99695
 10197.400     0.99923
 10197.600     0.99940
 10197.800     0.99940
 10198.000     0.99870
 10198.200     0.99124
 10198.400     0.97755
 10198.600     0.98298
 10198.800     0.99506
 10199.000     0.99926
 10199.200     0.99963
 10199.400     0.99986
 10199.600     0.99996
 10199.800     0.99990
 10200.000     0.99987
 10200.200     0.99995
 10200.400     0.99992
 10200.600     0.99930
 10200.800     0.99846
 10201.000     0.99930
 10201.200     0.99986
 10201.400     0.99948
 10201.600     0.99889
 10201.800     0.99953
 10202.000     0.99996
 10202.200     0.99985
 10202.400     0.99842
 10202.600     0.99624
 10202.800     0.99634
 10203.000     0.98974
 10203.200     0.98239
 10203.400     0.99154
 10203.600     0.98961
 10203.800     0.97882
 10204.000     0.98877
 10204.200     0.99463
 10204.400     0.99727
 10204.600     0.99693
 10204.800     0.99411
 10205.000     0.99363
 10205.200     0.99757
 10205.400     0.99931
 10205.600     0.99811
 10205.800     0.99401
 10206.000     0.99123
 10206.200     0.98901
 10206.400     0.98392
 10206.600     0.99297
 10206.800     0.99879
 10207.000     0.99951
 10207.200     0.99868
 10207.400     0.99635
 10207.600     0.99608
 10207.800     0.99861
 10208.000     0.99985
 10208.200     0.99991
 10208.400     0.99972
 10208.600     0.99941
 10208.800     0.99941
 10209.000     0.99946
 10209.200     0.99976
 10209.400     0.99991
 10209.600     0.99981
 10209.800     0.99884
 10210.000     0.99125
 10210.200     0.98077
 10210.400     0.98964
 10210.600     0.99703
 10210.800     0.99825
 10211.000     0.99825
 10211.200     0.99895
 10211.400     0.99968
 10211.600     0.99986
 10211.800     0.99953
 10212.000     0.99871
 10212.200     0.99844
 10212.400     0.99888
 10212.600     0.99928
 10212.800     0.99973
 10213.000     0.99996
 10213.200     0.99994
 10213.400     0.99968
 10213.600     0.99931
 10213.800     0.99914
 10214.000     0.99817
 10214.200     0.99027
 10214.400     0.97907
 10214.600     0.98811
 10214.800     0.99453
 10215.000     0.99669
 10215.200     0.99789
 10215.400     0.99671
 10215.600     0.99382
 10215.800     0.98368
 10216.000     0.89343
 10216.200     0.69283
 10216.400     0.67539
 10216.600     0.87949
 10216.800     0.98195
 10217.000     0.99335
 10217.200     0.99336
 10217.400     0.99656
 10217.600     0.99783
 10217.800     0.99610
 10218.000     0.98725
 10218.200     0.90697
 10218.400     0.79514
 10218.600     0.90790
 10218.800     0.98709
 10219.000     0.99183
 10219.200     0.99627
 10219.400     0.99889
 10219.600     0.99683
 10219.800     0.99301
 10220.000     0.99617
 10220.200     0.99923
 10220.400     0.99907
 10220.600     0.99187
 10220.800     0.98172
 10221.000     0.99167
 10221.200     0.99902
 10221.400     0.99985
 10221.600     0.99992
 10221.800     0.99995
 10222.000     0.99995
 10222.200     0.99996
 10222.400     0.99972
 10222.600     0.99928
 10222.800     0.99916
 10223.000     0.99864
 10223.200     0.99662
 10223.400     0.99275
 10223.600     0.99476
 10223.800     0.99858
 10224.000     0.99981
 10224.200     0.99990
 10224.400     0.99989
 10224.600     0.99972
 10224.800     0.99916
 10225.000     0.99729
 10225.200     0.99483
 10225.400     0.99664
 10225.600     0.99681
 10225.800     0.99343
 10226.000     0.99062
 10226.200     0.98789
 10226.400     0.98818
 10226.600     0.98623
 10226.800     0.99342
 10227.000     0.99596
 10227.200     0.99576
 10227.400     0.99763
 10227.600     0.99503
 10227.800     0.96091
 10228.000     0.91446
 10228.200     0.96110
 10228.400     0.99493
 10228.600     0.99877
 10228.800     0.99931
 10229.000     0.99839
 10229.200     0.99681
 10229.400     0.99812
 10229.600     0.99901
 10229.800     0.99926
 10230.000     0.99918
 10230.200     0.99713
 10230.400     0.98321
 10230.600     0.93636
 10230.800     0.90230
 10231.000     0.95930
 10231.200     0.99348
 10231.400     0.99517
 10231.600     0.99788
 10231.800     0.99962
 10232.000     0.99976
 10232.200     0.99956
 10232.400     0.99872
 10232.600     0.99224
 10232.800     0.98176
 10233.000     0.98553
 10233.200     0.98294
 10233.400     0.98153
 10233.600     0.99213
 10233.800     0.99813
 10234.000     0.99474
 10234.200     0.98692
 10234.400     0.98985
 10234.600     0.99015
 10234.800     0.98232
 10235.000     0.99094
 10235.200     0.99843
 10235.400     0.99935
 10235.600     0.99925
 10235.800     0.99964
 10236.000     0.99987
 10236.200     0.99934
 10236.400     0.99726
 10236.600     0.99574
 10236.800     0.99826
 10237.000     0.99977
 10237.200     0.99963
 10237.400     0.99822
 10237.600     0.99694
 10237.800     0.99872
 10238.000     0.99986
 10238.200     0.99990
 10238.400     0.99919
 10238.600     0.99339
 10238.800     0.98575
 10239.000     0.99364
 10239.200     0.99925
 10239.400     0.99992
 10239.600     0.99999
 10239.800     0.99997
 10240.000     0.99986
 10240.200     0.99977
 10240.400     0.99988
 10240.600     0.99982
 10240.800     0.99954
 10241.000     0.99753
 10241.200     0.98213
 10241.400     0.96263
 10241.600     0.98397
 10241.800     0.99859
 10242.000     0.99987
 10242.200     0.99993
 10242.400     0.99994
 10242.600     0.99998
 10242.800     1.00000
 10243.000     0.99996
 10243.200     0.99948
 10243.400     0.99855
 10243.600     0.99854
 10243.800     0.99893
 10244.000     0.99953
 10244.200     0.99991
 10244.400     0.99999
 10244.600     0.99992
 10244.800     0.99916
 10245.000     0.99464
 10245.200     0.98903
 10245.400     0.99273
 10245.600     0.99286
 10245.800     0.99436
 10246.000     0.99758
 10246.200     0.99943
 10246.400     0.99986
 10246.600     0.99995
 10246.800     0.99998
 10247.000     0.99977
 10247.200     0.99934
 10247.400     0.99937
 10247.600     0.99960
 10247.800     0.99979
 10248.000     0.99992
 10248.200     0.99983
 10248.400     0.99949
 10248.600     0.99764
 10248.800     0.99321
 10249.000     0.99063
 10249.200     0.99144
 10249.400     0.99650
 10249.600     0.99676
 10249.800     0.99387
 10250.000     0.99727
 10250.200     0.99964
 10250.400     0.99994
 10250.600     0.99976
 10250.800     0.99723
 10251.000     0.99290
 10251.200     0.99507
 10251.400     0.99872
 10251.600     0.99977
 10251.800     0.99969
 10252.000     0.99935
 10252.200     0.99650
 10252.400     0.98119
 10252.600     0.96478
 10252.800     0.98499
 10253.000     0.99843
 10253.200     0.99884
 10253.400     0.99716
 10253.600     0.99772
 10253.800     0.99874
 10254.000     0.99595
 10254.200     0.98559
 10254.400     0.97637
 10254.600     0.97930
 10254.800     0.97634
 10255.000     0.98984
 10255.200     0.99854
 10255.400     0.99964
 10255.600     0.99981
 10255.800     0.99987
 10256.000     0.99978
 10256.200     0.99879
 10256.400     0.99592
 10256.600     0.99444
 10256.800     0.99751
 10257.000     0.99907
 10257.200     0.99915
 10257.400     0.99882
 10257.600     0.99929
 10257.800     0.99807
 10258.000     0.98722
 10258.200     0.97340
 10258.400     0.98552
 10258.600     0.99216
 10258.800     0.99609
 10259.000     0.99664
 10259.200     0.99656
 10259.400     0.99867
 10259.600     0.99959
 10259.800     0.99960
 10260.000     0.99897
 10260.200     0.99425
 10260.400     0.98674
 10260.600     0.99187
 10260.800     0.99335
 10261.000     0.98956
 10261.200     0.99340
 10261.400     0.99833
 10261.600     0.99967
 10261.800     0.99948
 10262.000     0.99828
 10262.200     0.99243
 10262.400     0.98382
 10262.600     0.99064
 10262.800     0.99772
 10263.000     0.99824
 10263.200     0.99721
 10263.400     0.99872
 10263.600     0.99950
 10263.800     0.99923
 10264.000     0.99939
 10264.200     0.99982
 10264.400     0.99991
 10264.600     0.99968
 10264.800     0.99726
 10265.000     0.97211
 10265.200     0.93645
 10265.400     0.97194
 10265.600     0.99651
 10265.800     0.99046
 10266.000     0.97817
 10266.200     0.98650
 10266.400     0.98853
 10266.600     0.99123
 10266.800     0.99693
 10267.000     0.99911
 10267.200     0.99944
 10267.400     0.99953
 10267.600     0.99977
 10267.800     0.99981
 10268.000     0.99988
 10268.200     0.99992
 10268.400     0.99966
 10268.600     0.99800
 10268.800     0.99073
 10269.000     0.98372
 10269.200     0.99331
 10269.400     0.99944
 10269.600     0.99977
 10269.800     0.99810
 10270.000     0.99475
 10270.200     0.99477
 10270.400     0.99809
 10270.600     0.99962
 10270.800     0.99967
 10271.000     0.99956
 10271.200     0.99922
 10271.400     0.99914
 10271.600     0.99738
 10271.800     0.99486
 10272.000     0.99766
 10272.200     0.99963
 10272.400     0.99981
 10272.600     0.99930
 10272.800     0.99734
 10273.000     0.99573
 10273.200     0.99657
 10273.400     0.98751
 10273.600     0.96961
 10273.800     0.97471
 10274.000     0.98974
 10274.200     0.99413
 10274.400     0.99749
 10274.600     0.99927
 10274.800     0.99840
 10275.000     0.99726
 10275.200     0.99838
 10275.400     0.99927
 10275.600     0.99953
 10275.800     0.99917
 10276.000     0.99587
 10276.200     0.99106
 10276.400     0.99533
 10276.600     0.99660
 10276.800     0.99347
 10277.000     0.99629
 10277.200     0.99920
 10277.400     0.99986
 10277.600     0.99981
 10277.800     0.99820
 10278.000     0.99588
 10278.200     0.99808
 10278.400     0.99974
 10278.600     0.99996
 10278.800     0.99962
 10279.000     0.99549
 10279.200     0.98912
 10279.400     0.99385
 10279.600     1.00000
 10279.800     1.00000
 10280.000     1.00000
