the number of points per synthesis =   1051
start =  10680.000     stop =  10890.000     step =      0.200
 10680.000     1.00000
 10680.200     1.00000
 10680.400     1.00000
 10680.600     0.99900
 10680.800     0.99841
 10681.000     0.99702
 10681.200     0.98906
 10681.400     0.97935
 10681.600     0.98704
 10681.800     0.99068
 10682.000     0.98585
 10682.200     0.97822
 10682.400     0.96313
 10682.600     0.94164
 10682.800     0.85128
 10683.000     0.72075
 10683.200     0.73591
 10683.400     0.87416
 10683.600     0.95886
 10683.800     0.98202
 10684.000     0.98862
 10684.200     0.99099
 10684.400     0.99125
 10684.600     0.98899
 10684.800     0.97663
 10685.000     0.91440
 10685.200     0.79297
 10685.400     0.76337
 10685.600     0.87528
 10685.800     0.96342
 10686.000     0.98908
 10686.200     0.99459
 10686.400     0.99645
 10686.600     0.99693
 10686.800     0.99613
 10687.000     0.99523
 10687.200     0.99514
 10687.400     0.99433
 10687.600     0.98529
 10687.800     0.97688
 10688.000     0.98832
 10688.200     0.99613
 10688.400     0.99597
 10688.600     0.99454
 10688.800     0.99123
 10689.000     0.98407
 10689.200     0.95876
 10689.400     0.86751
 10689.600     0.72303
 10689.800     0.71261
 10690.000     0.86127
 10690.200     0.95300
 10690.400     0.96896
 10690.600     0.95945
 10690.800     0.91295
 10691.000     0.79509
 10691.200     0.67825
 10691.400     0.72335
 10691.600     0.86755
 10691.800     0.94860
 10692.000     0.97250
 10692.200     0.98196
 10692.400     0.98689
 10692.600     0.98822
 10692.800     0.98809
 10693.000     0.98912
 10693.200     0.98840
 10693.400     0.98569
 10693.600     0.97697
 10693.800     0.94299
 10694.000     0.82987
 10694.200     0.68827
 10694.400     0.73569
 10694.600     0.88710
 10694.800     0.96408
 10695.000     0.97805
 10695.200     0.97660
 10695.400     0.98318
 10695.600     0.98948
 10695.800     0.99203
 10696.000     0.99571
 10696.200     0.99781
 10696.400     0.99839
 10696.600     0.99894
 10696.800     0.99961
 10697.000     0.99982
 10697.200     0.99986
 10697.400     0.99995
 10697.600     0.99999
 10697.800     1.00000
 10698.000     0.99998
 10698.200     0.99995
 10698.400     0.99998
 10698.600     1.00000
 10698.800     0.99996
 10699.000     0.99941
 10699.200     0.99645
 10699.400     0.99338
 10699.600     0.99672
 10699.800     0.99932
 10700.000     0.99959
 10700.200     0.99878
 10700.400     0.99289
 10700.600     0.98567
 10700.800     0.99271
 10701.000     0.99889
 10701.200     0.99984
 10701.400     0.99971
 10701.600     0.99832
 10701.800     0.99663
 10702.000     0.99819
 10702.200     0.99891
 10702.400     0.99828
 10702.600     0.99797
 10702.800     0.99155
 10703.000     0.98239
 10703.200     0.98705
 10703.400     0.98547
 10703.600     0.98224
 10703.800     0.99008
 10704.000     0.98977
 10704.200     0.98650
 10704.400     0.99411
 10704.600     0.99923
 10704.800     0.99973
 10705.000     0.99948
 10705.200     0.99935
 10705.400     0.99915
 10705.600     0.99810
 10705.800     0.99634
 10706.000     0.99626
 10706.200     0.99711
 10706.400     0.99657
 10706.600     0.99359
 10706.800     0.98020
 10707.000     0.91663
 10707.200     0.80038
 10707.400     0.78589
 10707.600     0.89783
 10707.800     0.97109
 10708.000     0.98682
 10708.200     0.99358
 10708.400     0.99734
 10708.600     0.99836
 10708.800     0.99874
 10709.000     0.99881
 10709.200     0.99876
 10709.400     0.99875
 10709.600     0.99667
 10709.800     0.98805
 10710.000     0.98072
 10710.200     0.99106
 10710.400     0.99835
 10710.600     0.99651
 10710.800     0.99310
 10711.000     0.99583
 10711.200     0.99782
 10711.400     0.99893
 10711.600     0.99961
 10711.800     0.99982
 10712.000     0.99971
 10712.200     0.99835
 10712.400     0.99671
 10712.600     0.99839
 10712.800     0.99968
 10713.000     0.99933
 10713.200     0.99840
 10713.400     0.99837
 10713.600     0.99870
 10713.800     0.99768
 10714.000     0.99453
 10714.200     0.99167
 10714.400     0.99129
 10714.600     0.99648
 10714.800     0.99954
 10715.000     0.99981
 10715.200     0.99957
 10715.400     0.99881
 10715.600     0.99843
 10715.800     0.99886
 10716.000     0.99902
 10716.200     0.99934
 10716.400     0.99961
 10716.600     0.99933
 10716.800     0.99856
 10717.000     0.99839
 10717.200     0.99845
 10717.400     0.98986
 10717.600     0.92456
 10717.800     0.84519
 10718.000     0.92192
 10718.200     0.98757
 10718.400     0.99687
 10718.600     0.99137
 10718.800     0.98400
 10719.000     0.99076
 10719.200     0.99571
 10719.400     0.99771
 10719.600     0.99912
 10719.800     0.99967
 10720.000     0.99986
 10720.200     0.99985
 10720.400     0.99980
 10720.600     0.99988
 10720.800     0.99992
 10721.000     0.99966
 10721.200     0.99847
 10721.400     0.99116
 10721.600     0.98146
 10721.800     0.98970
 10722.000     0.99768
 10722.200     0.99872
 10722.400     0.99793
 10722.600     0.99638
 10722.800     0.99778
 10723.000     0.99925
 10723.200     0.99953
 10723.400     0.99971
 10723.600     0.99978
 10723.800     0.99978
 10724.000     0.99953
 10724.200     0.99922
 10724.400     0.99939
 10724.600     0.99933
 10724.800     0.99327
 10725.000     0.94914
 10725.200     0.89658
 10725.400     0.94913
 10725.600     0.99117
 10725.800     0.99528
 10726.000     0.98909
 10726.200     0.94753
 10726.400     0.89576
 10726.600     0.93645
 10726.800     0.95750
 10727.000     0.90559
 10727.200     0.77198
 10727.400     0.66645
 10727.600     0.75783
 10727.800     0.89460
 10728.000     0.95372
 10728.200     0.97066
 10728.400     0.98122
 10728.600     0.98747
 10728.800     0.98832
 10729.000     0.97805
 10729.200     0.91937
 10729.400     0.80636
 10729.600     0.78608
 10729.800     0.89461
 10730.000     0.97220
 10730.200     0.99218
 10730.400     0.99601
 10730.600     0.99681
 10730.800     0.99604
 10731.000     0.99540
 10731.200     0.99757
 10731.400     0.99890
 10731.600     0.99657
 10731.800     0.98281
 10732.000     0.96887
 10732.200     0.98558
 10732.400     0.99710
 10732.600     0.98800
 10732.800     0.97342
 10733.000     0.98433
 10733.200     0.99681
 10733.400     0.99962
 10733.600     0.99946
 10733.800     0.99810
 10734.000     0.99692
 10734.200     0.99837
 10734.400     0.99962
 10734.600     0.99969
 10734.800     0.99963
 10735.000     0.99975
 10735.200     0.99939
 10735.400     0.99819
 10735.600     0.99685
 10735.800     0.99527
 10736.000     0.99224
 10736.200     0.99316
 10736.400     0.99754
 10736.600     0.99951
 10736.800     0.99976
 10737.000     0.99985
 10737.200     0.99995
 10737.400     0.99999
 10737.600     1.00000
 10737.800     0.99997
 10738.000     0.99992
 10738.200     0.99977
 10738.400     0.99905
 10738.600     0.99761
 10738.800     0.99725
 10739.000     0.99865
 10739.200     0.99899
 10739.400     0.99761
 10739.600     0.99629
 10739.800     0.99810
 10740.000     0.99948
 10740.200     0.99934
 10740.400     0.99862
 10740.600     0.99846
 10740.800     0.99878
 10741.000     0.99899
 10741.200     0.99699
 10741.400     0.98200
 10741.600     0.94654
 10741.800     0.93447
 10742.000     0.97175
 10742.200     0.99419
 10742.400     0.99065
 10742.600     0.98054
 10742.800     0.98433
 10743.000     0.99313
 10743.200     0.99425
 10743.400     0.99512
 10743.600     0.99815
 10743.800     0.99953
 10744.000     0.99917
 10744.200     0.99688
 10744.400     0.98785
 10744.600     0.97542
 10744.800     0.97891
 10745.000     0.98806
 10745.200     0.99595
 10745.400     0.99928
 10745.600     0.99975
 10745.800     0.99970
 10746.000     0.99778
 10746.200     0.98299
 10746.400     0.96242
 10746.600     0.97299
 10746.800     0.98493
 10747.000     0.98964
 10747.200     0.98958
 10747.400     0.99081
 10747.600     0.99220
 10747.800     0.99157
 10748.000     0.98894
 10748.200     0.98430
 10748.400     0.97790
 10748.600     0.96591
 10748.800     0.93408
 10749.000     0.83592
 10749.200     0.65772
 10749.400     0.57942
 10749.600     0.71431
 10749.800     0.87192
 10750.000     0.94471
 10750.200     0.97021
 10750.400     0.98120
 10750.600     0.98700
 10750.800     0.99042
 10751.000     0.99262
 10751.200     0.99416
 10751.400     0.99525
 10751.600     0.99582
 10751.800     0.99623
 10752.000     0.99685
 10752.200     0.99706
 10752.400     0.99769
 10752.600     0.98814
 10752.800     0.90874
 10753.000     0.81207
 10753.200     0.90734
 10753.400     0.98565
 10753.600     0.98658
 10753.800     0.95298
 10754.000     0.91741
 10754.200     0.93555
 10754.400     0.97110
 10754.600     0.98598
 10754.800     0.98535
 10755.000     0.99336
 10755.200     0.99913
 10755.400     0.99986
 10755.600     0.99990
 10755.800     0.99982
 10756.000     0.99916
 10756.200     0.99818
 10756.400     0.99766
 10756.600     0.99648
 10756.800     0.99750
 10757.000     0.99831
 10757.200     0.99918
 10757.400     0.99975
 10757.600     0.99980
 10757.800     0.99961
 10758.000     0.99967
 10758.200     0.99989
 10758.400     0.99990
 10758.600     0.99929
 10758.800     0.99846
 10759.000     0.99893
 10759.200     0.99941
 10759.400     0.99955
 10759.600     0.99977
 10759.800     0.99988
 10760.000     0.99980
 10760.200     0.99912
 10760.400     0.99792
 10760.600     0.99716
 10760.800     0.99579
 10761.000     0.99455
 10761.200     0.98626
 10761.400     0.97418
 10761.600     0.98538
 10761.800     0.99602
 10762.000     0.99371
 10762.200     0.98756
 10762.400     0.99306
 10762.600     0.99837
 10762.800     0.99952
 10763.000     0.99975
 10763.200     0.99949
 10763.400     0.99906
 10763.600     0.99889
 10763.800     0.99848
 10764.000     0.99912
 10764.200     0.99979
 10764.400     0.99991
 10764.600     0.99993
 10764.800     0.99997
 10765.000     0.99997
 10765.200     0.99993
 10765.400     0.99990
 10765.600     0.99984
 10765.800     0.99962
 10766.000     0.99831
 10766.200     0.99058
 10766.400     0.98044
 10766.600     0.98746
 10766.800     0.99664
 10767.000     0.99936
 10767.200     0.99975
 10767.400     0.99977
 10767.600     0.99969
 10767.800     0.99939
 10768.000     0.99622
 10768.200     0.98012
 10768.400     0.96381
 10768.600     0.98127
 10768.800     0.99343
 10769.000     0.99574
 10769.200     0.99774
 10769.400     0.99777
 10769.600     0.99695
 10769.800     0.99267
 10770.000     0.97753
 10770.200     0.96850
 10770.400     0.98578
 10770.600     0.99770
 10770.800     0.99742
 10771.000     0.98082
 10771.200     0.95974
 10771.400     0.97958
 10771.600     0.99690
 10771.800     0.99957
 10772.000     0.99950
 10772.200     0.99889
 10772.400     0.99890
 10772.600     0.99957
 10772.800     0.99994
 10773.000     0.99999
 10773.200     0.99982
 10773.400     0.99824
 10773.600     0.99611
 10773.800     0.99767
 10774.000     0.99874
 10774.200     0.99815
 10774.400     0.99800
 10774.600     0.99106
 10774.800     0.98051
 10775.000     0.98723
 10775.200     0.99076
 10775.400     0.98366
 10775.600     0.98469
 10775.800     0.99435
 10776.000     0.99889
 10776.200     0.99915
 10776.400     0.99942
 10776.600     0.99978
 10776.800     0.99984
 10777.000     0.99959
 10777.200     0.99872
 10777.400     0.99785
 10777.600     0.99848
 10777.800     0.99937
 10778.000     0.99904
 10778.200     0.99819
 10778.400     0.99868
 10778.600     0.99896
 10778.800     0.99915
 10779.000     0.99964
 10779.200     0.99978
 10779.400     0.99900
 10779.600     0.99800
 10779.800     0.99898
 10780.000     0.99960
 10780.200     0.99763
 10780.400     0.98206
 10780.600     0.95298
 10780.800     0.95514
 10781.000     0.98313
 10781.200     0.99623
 10781.400     0.99686
 10781.600     0.99445
 10781.800     0.97211
 10782.000     0.94151
 10782.200     0.96230
 10782.400     0.98888
 10782.600     0.98729
 10782.800     0.90624
 10783.000     0.79213
 10783.200     0.87297
 10783.400     0.97177
 10783.600     0.99623
 10783.800     0.99762
 10784.000     0.99363
 10784.200     0.96678
 10784.400     0.88306
 10784.600     0.82455
 10784.800     0.91195
 10785.000     0.97725
 10785.200     0.97387
 10785.400     0.95668
 10785.600     0.97236
 10785.800     0.98171
 10786.000     0.97423
 10786.200     0.95653
 10786.400     0.90159
 10786.600     0.75784
 10786.800     0.59541
 10787.000     0.64263
 10787.200     0.82877
 10787.400     0.93702
 10787.600     0.96993
 10787.800     0.98192
 10788.000     0.98782
 10788.200     0.99132
 10788.400     0.99344
 10788.600     0.99479
 10788.800     0.99583
 10789.000     0.99664
 10789.200     0.99775
 10789.400     0.99927
 10789.600     0.99993
 10789.800     0.99999
 10790.000     0.99990
 10790.200     0.99919
 10790.400     0.99823
 10790.600     0.99884
 10790.800     0.99963
 10791.000     0.99961
 10791.200     0.99843
 10791.400     0.99678
 10791.600     0.99762
 10791.800     0.99918
 10792.000     0.99972
 10792.200     0.99965
 10792.400     0.99938
 10792.600     0.99918
 10792.800     0.99952
 10793.000     0.99972
 10793.200     0.99982
 10793.400     0.99975
 10793.600     0.99886
 10793.800     0.99785
 10794.000     0.99892
 10794.200     0.99971
 10794.400     0.99909
 10794.600     0.99317
 10794.800     0.98492
 10795.000     0.99069
 10795.200     0.99770
 10795.400     0.99870
 10795.600     0.99557
 10795.800     0.97843
 10796.000     0.94354
 10796.200     0.94021
 10796.400     0.97706
 10796.600     0.99702
 10796.800     0.99877
 10797.000     0.99412
 10797.200     0.98862
 10797.400     0.99440
 10797.600     0.99913
 10797.800     0.99967
 10798.000     0.99932
 10798.200     0.99864
 10798.400     0.99756
 10798.600     0.99681
 10798.800     0.99834
 10799.000     0.99763
 10799.200     0.99174
 10799.400     0.98802
 10799.600     0.99458
 10799.800     0.99878
 10800.000     0.99921
 10800.200     0.99955
 10800.400     0.99976
 10800.600     0.99961
 10800.800     0.99926
 10801.000     0.99606
 10801.200     0.97452
 10801.400     0.95041
 10801.600     0.97678
 10801.800     0.99739
 10802.000     0.99974
 10802.200     0.99966
 10802.400     0.99939
 10802.600     0.99869
 10802.800     0.99865
 10803.000     0.99942
 10803.200     0.99981
 10803.400     0.99988
 10803.600     0.99988
 10803.800     0.99946
 10804.000     0.99602
 10804.200     0.99137
 10804.400     0.99484
 10804.600     0.99883
 10804.800     0.99980
 10805.000     0.99992
 10805.200     0.99996
 10805.400     0.99980
 10805.600     0.99894
 10805.800     0.99808
 10806.000     0.99893
 10806.200     0.99928
 10806.400     0.99872
 10806.600     0.99906
 10806.800     0.99953
 10807.000     0.99976
 10807.200     0.99940
 10807.400     0.99759
 10807.600     0.99569
 10807.800     0.99694
 10808.000     0.99878
 10808.200     0.99948
 10808.400     0.99807
 10808.600     0.99369
 10808.800     0.98878
 10809.000     0.98471
 10809.200     0.98164
 10809.400     0.97663
 10809.600     0.96872
 10809.800     0.96300
 10810.000     0.95325
 10810.200     0.93401
 10810.400     0.89985
 10810.600     0.83591
 10810.800     0.71691
 10811.000     0.58097
 10811.200     0.57440
 10811.400     0.70423
 10811.600     0.82897
 10811.800     0.89635
 10812.000     0.93251
 10812.200     0.95338
 10812.400     0.96424
 10812.600     0.97046
 10812.800     0.97694
 10813.000     0.97865
 10813.200     0.97878
 10813.400     0.98569
 10813.600     0.99263
 10813.800     0.99774
 10814.000     0.99976
 10814.200     0.99996
 10814.400     0.99988
 10814.600     0.99981
 10814.800     0.99988
 10815.000     0.99994
 10815.200     0.99992
 10815.400     0.99986
 10815.600     0.99932
 10815.800     0.99853
 10816.000     0.99906
 10816.200     0.99956
 10816.400     0.99938
 10816.600     0.99611
 10816.800     0.98705
 10817.000     0.98234
 10817.200     0.99041
 10817.400     0.99765
 10817.600     0.99927
 10817.800     0.99300
 10818.000     0.93716
 10818.200     0.85069
 10818.400     0.88985
 10818.600     0.96554
 10818.800     0.99463
 10819.000     0.99937
 10819.200     0.99930
 10819.400     0.99745
 10819.600     0.99582
 10819.800     0.99786
 10820.000     0.99899
 10820.200     0.99668
 10820.400     0.99404
 10820.600     0.99704
 10820.800     0.99874
 10821.000     0.99357
 10821.200     0.98506
 10821.400     0.97376
 10821.600     0.95474
 10821.800     0.97404
 10822.000     0.99419
 10822.200     0.99867
 10822.400     0.99934
 10822.600     0.99926
 10822.800     0.99935
 10823.000     0.99959
 10823.200     0.99972
 10823.400     0.99970
 10823.600     0.99968
 10823.800     0.99972
 10824.000     0.99963
 10824.200     0.99868
 10824.400     0.99410
 10824.600     0.98641
 10824.800     0.97961
 10825.000     0.97120
 10825.200     0.97161
 10825.400     0.97473
 10825.600     0.97210
 10825.800     0.96428
 10826.000     0.95085
 10826.200     0.92556
 10826.400     0.88294
 10826.600     0.81796
 10826.800     0.68914
 10827.000     0.53236
 10827.200     0.54147
 10827.400     0.70475
 10827.600     0.83426
 10827.800     0.89818
 10828.000     0.93191
 10828.200     0.94895
 10828.400     0.95787
 10828.600     0.97022
 10828.800     0.97828
 10829.000     0.97771
 10829.200     0.97401
 10829.400     0.97908
 10829.600     0.98497
 10829.800     0.99029
 10830.000     0.99631
 10830.200     0.99880
 10830.400     0.99890
 10830.600     0.99832
 10830.800     0.99773
 10831.000     0.99764
 10831.200     0.99666
 10831.400     0.99248
 10831.600     0.98015
 10831.800     0.95684
 10832.000     0.94516
 10832.200     0.96957
 10832.400     0.98326
 10832.600     0.98128
 10832.800     0.98670
 10833.000     0.98825
 10833.200     0.97225
 10833.400     0.95531
 10833.600     0.97216
 10833.800     0.97122
 10834.000     0.95427
 10834.200     0.97664
 10834.400     0.98885
 10834.600     0.95383
 10834.800     0.89627
 10835.000     0.91691
 10835.200     0.97230
 10835.400     0.99522
 10835.600     0.99853
 10835.800     0.99837
 10836.000     0.99699
 10836.200     0.99669
 10836.400     0.99846
 10836.600     0.99931
 10836.800     0.99923
 10837.000     0.99895
 10837.200     0.99811
 10837.400     0.99733
 10837.600     0.99761
 10837.800     0.99769
 10838.000     0.99737
 10838.200     0.99623
 10838.400     0.99245
 10838.600     0.97828
 10838.800     0.93531
 10839.000     0.89979
 10839.200     0.94511
 10839.400     0.98487
 10839.600     0.99451
 10839.800     0.99692
 10840.000     0.99796
 10840.200     0.99853
 10840.400     0.99888
 10840.600     0.99905
 10840.800     0.99906
 10841.000     0.99894
 10841.200     0.99835
 10841.400     0.99811
 10841.600     0.99849
 10841.800     0.99838
 10842.000     0.99637
 10842.200     0.99367
 10842.400     0.99494
 10842.600     0.99584
 10842.800     0.99466
 10843.000     0.99168
 10843.200     0.98391
 10843.400     0.95410
 10843.600     0.84504
 10843.800     0.69679
 10844.000     0.73658
 10844.200     0.89133
 10844.400     0.97035
 10844.600     0.98820
 10844.800     0.99324
 10845.000     0.99552
 10845.200     0.99679
 10845.400     0.99756
 10845.600     0.99774
 10845.800     0.99766
 10846.000     0.99836
 10846.200     0.99890
 10846.400     0.99872
 10846.600     0.99615
 10846.800     0.99328
 10847.000     0.99656
 10847.200     0.99921
 10847.400     0.99859
 10847.600     0.99724
 10847.800     0.99835
 10848.000     0.99829
 10848.200     0.99694
 10848.400     0.99829
 10848.600     0.99919
 10848.800     0.99921
 10849.000     0.99703
 10849.200     0.98633
 10849.400     0.97537
 10849.600     0.98585
 10849.800     0.99696
 10850.000     0.99963
 10850.200     0.99953
 10850.400     0.99816
 10850.600     0.99576
 10850.800     0.99512
 10851.000     0.99781
 10851.200     0.99936
 10851.400     0.99962
 10851.600     0.99984
 10851.800     0.99974
 10852.000     0.99842
 10852.200     0.99665
 10852.400     0.99790
 10852.600     0.99791
 10852.800     0.98622
 10853.000     0.97119
 10853.200     0.98370
 10853.400     0.99352
 10853.600     0.99750
 10853.800     0.99958
 10854.000     0.99991
 10854.200     0.99995
 10854.400     0.99988
 10854.600     0.99946
 10854.800     0.99714
 10855.000     0.99450
 10855.200     0.99713
 10855.400     0.99922
 10855.600     0.99830
 10855.800     0.99250
 10856.000     0.98637
 10856.200     0.99317
 10856.400     0.99884
 10856.600     0.99976
 10856.800     0.99987
 10857.000     0.99986
 10857.200     0.99951
 10857.400     0.99841
 10857.600     0.99779
 10857.800     0.99898
 10858.000     0.99966
 10858.200     0.99946
 10858.400     0.99919
 10858.600     0.99939
 10858.800     0.99953
 10859.000     0.99833
 10859.200     0.99597
 10859.400     0.99647
 10859.600     0.99873
 10859.800     0.99969
 10860.000     0.99973
 10860.200     0.99938
 10860.400     0.99786
 10860.600     0.99599
 10860.800     0.99696
 10861.000     0.99764
 10861.200     0.99419
 10861.400     0.97925
 10861.600     0.96475
 10861.800     0.98033
 10862.000     0.99391
 10862.200     0.99566
 10862.400     0.98315
 10862.600     0.96533
 10862.800     0.97984
 10863.000     0.98949
 10863.200     0.94508
 10863.400     0.83279
 10863.600     0.79558
 10863.800     0.90072
 10864.000     0.97352
 10864.200     0.99256
 10864.400     0.99769
 10864.600     0.99867
 10864.800     0.99882
 10865.000     0.99925
 10865.200     0.99951
 10865.400     0.99955
 10865.600     0.99970
 10865.800     0.99979
 10866.000     0.99976
 10866.200     0.99926
 10866.400     0.99844
 10866.600     0.99865
 10866.800     0.99853
 10867.000     0.99591
 10867.200     0.98999
 10867.400     0.98558
 10867.600     0.98210
 10867.800     0.97736
 10868.000     0.97007
 10868.200     0.95565
 10868.400     0.90761
 10868.600     0.78680
 10868.800     0.68955
 10869.000     0.73668
 10869.200     0.70529
 10869.400     0.56031
 10869.600     0.53276
 10869.800     0.67926
 10870.000     0.81562
 10870.200     0.87766
 10870.400     0.90306
 10870.600     0.93729
 10870.800     0.95729
 10871.000     0.96098
 10871.200     0.96651
 10871.400     0.96915
 10871.600     0.96378
 10871.800     0.97097
 10872.000     0.98237
 10872.200     0.98618
 10872.400     0.99077
 10872.600     0.99090
 10872.800     0.97241
 10873.000     0.94943
 10873.200     0.97195
 10873.400     0.99099
 10873.600     0.99165
 10873.800     0.99606
 10874.000     0.99856
 10874.200     0.99449
 10874.400     0.98968
 10874.600     0.99474
 10874.800     0.99800
 10875.000     0.99620
 10875.200     0.99523
 10875.400     0.99525
 10875.600     0.99204
 10875.800     0.99132
 10876.000     0.99243
 10876.200     0.99235
 10876.400     0.99665
 10876.600     0.99851
 10876.800     0.99549
 10877.000     0.99221
 10877.200     0.99454
 10877.400     0.99823
 10877.600     0.99952
 10877.800     0.99897
 10878.000     0.99478
 10878.200     0.98968
 10878.400     0.99389
 10878.600     0.99819
 10878.800     0.99914
 10879.000     0.99872
 10879.200     0.99530
 10879.400     0.98965
 10879.600     0.98241
 10879.800     0.96890
 10880.000     0.97343
 10880.200     0.98935
 10880.400     0.99511
 10880.600     0.99302
 10880.800     0.99339
 10881.000     0.99714
 10881.200     0.99858
 10881.400     0.99208
 10881.600     0.95247
 10881.800     0.90915
 10882.000     0.95274
 10882.200     0.98343
 10882.400     0.97518
 10882.600     0.90345
 10882.800     0.82243
 10883.000     0.89617
 10883.200     0.97334
 10883.400     0.98901
 10883.600     0.98767
 10883.800     0.98515
 10884.000     0.92390
 10884.200     0.83036
 10884.400     0.88693
 10884.600     0.96559
 10884.800     0.97343
 10885.000     0.89427
 10885.200     0.73347
 10885.400     0.70215
 10885.600     0.85832
 10885.800     0.96380
 10886.000     0.98823
 10886.200     0.99385
 10886.400     0.99572
 10886.600     0.99282
 10886.800     0.98881
 10887.000     0.99423
 10887.200     0.99847
 10887.400     0.99911
 10887.600     0.99919
 10887.800     0.99940
 10888.000     0.99957
 10888.200     0.99811
 10888.400     0.99290
 10888.600     0.98922
 10888.800     0.99257
 10889.000     0.99357
 10889.200     0.99713
 10889.400     0.99966
 10889.600     1.00000
 10889.800     1.00000
 10890.000     1.00000
