the number of points per synthesis =    801
start =   9760.000     stop =   9920.000     step =      0.200
  9760.000     1.00000
  9760.200     1.00000
  9760.400     1.00000
  9760.600     0.99245
  9760.800     0.99393
  9761.000     0.99034
  9761.200     0.99371
  9761.400     0.99618
  9761.600     0.99397
  9761.800     0.99603
  9762.000     0.99802
  9762.200     0.99103
  9762.400     0.97921
  9762.600     0.98943
  9762.800     0.98234
  9763.000     0.95096
  9763.200     0.88294
  9763.400     0.76854
  9763.600     0.85890
  9763.800     0.85470
  9764.000     0.87447
  9764.200     0.93627
  9764.400     0.93302
  9764.600     0.97127
  9764.800     0.99347
  9765.000     0.99750
  9765.200     0.99721
  9765.400     0.97686
  9765.600     0.94232
  9765.800     0.97006
  9766.000     0.98750
  9766.200     0.98090
  9766.400     0.98956
  9766.600     0.99390
  9766.800     0.99778
  9767.000     0.99974
  9767.200     0.99962
  9767.400     0.99875
  9767.600     0.99803
  9767.800     0.99798
  9768.000     0.98919
  9768.200     0.95414
  9768.400     0.93066
  9768.600     0.97427
  9768.800     0.99799
  9769.000     0.99956
  9769.200     0.99776
  9769.400     0.99251
  9769.600     0.98456
  9769.800     0.97661
  9770.000     0.95932
  9770.200     0.90830
  9770.400     0.90577
  9770.600     0.96131
  9770.800     0.97939
  9771.000     0.96482
  9771.200     0.98278
  9771.400     0.99681
  9771.600     0.99762
  9771.800     0.98360
  9772.000     0.96276
  9772.200     0.97930
  9772.400     0.99173
  9772.600     0.98955
  9772.800     0.98987
  9773.000     0.99615
  9773.200     0.99364
  9773.400     0.98602
  9773.600     0.99433
  9773.800     0.99958
  9774.000     0.99994
  9774.200     0.99995
  9774.400     0.99961
  9774.600     0.99904
  9774.800     0.99960
  9775.000     0.99982
  9775.200     0.99832
  9775.400     0.99611
  9775.600     0.99841
  9775.800     0.99983
  9776.000     0.99972
  9776.200     0.99755
  9776.400     0.99429
  9776.600     0.99703
  9776.800     0.99918
  9777.000     0.99927
  9777.200     0.99936
  9777.400     0.99537
  9777.600     0.98763
  9777.800     0.99164
  9778.000     0.99487
  9778.200     0.99146
  9778.400     0.99326
  9778.600     0.99799
  9778.800     0.99785
  9779.000     0.99505
  9779.200     0.99750
  9779.400     0.99737
  9779.600     0.97800
  9779.800     0.95062
  9780.000     0.97931
  9780.200     0.99304
  9780.400     0.98731
  9780.600     0.98877
  9780.800     0.98255
  9781.000     0.96789
  9781.200     0.96502
  9781.400     0.95899
  9781.600     0.98371
  9781.800     0.99832
  9782.000     0.99967
  9782.200     0.99947
  9782.400     0.99970
  9782.600     0.99976
  9782.800     0.99778
  9783.000     0.97024
  9783.200     0.88563
  9783.400     0.78871
  9783.600     0.76630
  9783.800     0.86630
  9784.000     0.86093
  9784.200     0.94365
  9784.400     0.98830
  9784.600     0.98363
  9784.800     0.98880
  9785.000     0.98766
  9785.200     0.99215
  9785.400     0.99604
  9785.600     0.99708
  9785.800     0.99737
  9786.000     0.99772
  9786.200     0.99358
  9786.400     0.95558
  9786.600     0.89344
  9786.800     0.94979
  9787.000     0.98923
  9787.200     0.98497
  9787.400     0.93817
  9787.600     0.84482
  9787.800     0.87747
  9788.000     0.95611
  9788.200     0.95869
  9788.400     0.95125
  9788.600     0.96089
  9788.800     0.94526
  9789.000     0.97566
  9789.200     0.99691
  9789.400     0.99808
  9789.600     0.98824
  9789.800     0.97424
  9790.000     0.98389
  9790.200     0.99214
  9790.400     0.99455
  9790.600     0.99253
  9790.800     0.99575
  9791.000     0.99900
  9791.200     0.99963
  9791.400     0.99732
  9791.600     0.99208
  9791.800     0.99252
  9792.000     0.99684
  9792.200     0.99716
  9792.400     0.99206
  9792.600     0.99047
  9792.800     0.99626
  9793.000     0.99693
  9793.200     0.99475
  9793.400     0.99765
  9793.600     0.99603
  9793.800     0.99082
  9794.000     0.99609
  9794.200     0.99770
  9794.400     0.98268
  9794.600     0.96194
  9794.800     0.98401
  9795.000     0.99849
  9795.200     0.99836
  9795.400     0.99216
  9795.600     0.98681
  9795.800     0.99443
  9796.000     0.99865
  9796.200     0.99902
  9796.400     0.99359
  9796.600     0.97230
  9796.800     0.95471
  9797.000     0.97892
  9797.200     0.99508
  9797.400     0.99696
  9797.600     0.99514
  9797.800     0.99267
  9798.000     0.98511
  9798.200     0.96944
  9798.400     0.97948
  9798.600     0.98387
  9798.800     0.99370
  9799.000     0.99717
  9799.200     0.99509
  9799.400     0.99764
  9799.600     0.99886
  9799.800     0.99538
  9800.000     0.94990
  9800.200     0.83326
  9800.400     0.81035
  9800.600     0.88810
  9800.800     0.87587
  9801.000     0.94486
  9801.200     0.98134
  9801.400     0.99075
  9801.600     0.99781
  9801.800     0.99952
  9802.000     0.99789
  9802.200     0.97720
  9802.400     0.94593
  9802.600     0.97696
  9802.800     0.99710
  9803.000     0.99908
  9803.200     0.99886
  9803.400     0.99879
  9803.600     0.99693
  9803.800     0.98254
  9804.000     0.95947
  9804.200     0.98321
  9804.400     0.99871
  9804.600     0.99989
  9804.800     0.99978
  9805.000     0.99976
  9805.200     0.99936
  9805.400     0.99901
  9805.600     0.99824
  9805.800     0.99204
  9806.000     0.97878
  9806.200     0.97098
  9806.400     0.98011
  9806.600     0.99456
  9806.800     0.99897
  9807.000     0.99624
  9807.200     0.99031
  9807.400     0.98673
  9807.600     0.98793
  9807.800     0.98974
  9808.000     0.97727
  9808.200     0.97441
  9808.400     0.99062
  9808.600     0.99647
  9808.800     0.99249
  9809.000     0.99164
  9809.200     0.99322
  9809.400     0.99740
  9809.600     0.99702
  9809.800     0.99211
  9810.000     0.97832
  9810.200     0.95276
  9810.400     0.97838
  9810.600     0.99724
  9810.800     0.99966
  9811.000     0.99888
  9811.200     0.98707
  9811.400     0.95796
  9811.600     0.95480
  9811.800     0.98426
  9812.000     0.99516
  9812.200     0.99342
  9812.400     0.99317
  9812.600     0.99753
  9812.800     0.99967
  9813.000     0.99971
  9813.200     0.99786
  9813.400     0.99349
  9813.600     0.98619
  9813.800     0.97571
  9814.000     0.98952
  9814.200     0.99840
  9814.400     0.99958
  9814.600     0.99961
  9814.800     0.99985
  9815.000     0.99998
  9815.200     0.99935
  9815.400     0.99111
  9815.600     0.97028
  9815.800     0.96602
  9816.000     0.98574
  9816.200     0.99680
  9816.400     0.99052
  9816.600     0.97815
  9816.800     0.98989
  9817.000     0.99874
  9817.200     0.99982
  9817.400     0.99780
  9817.600     0.98175
  9817.800     0.96067
  9818.000     0.98422
  9818.200     0.99888
  9818.400     0.99998
  9818.600     1.00000
  9818.800     0.99998
  9819.000     0.99972
  9819.200     0.99900
  9819.400     0.99850
  9819.600     0.99849
  9819.800     0.99899
  9820.000     0.99539
  9820.200     0.98904
  9820.400     0.99496
  9820.600     0.99642
  9820.800     0.99177
  9821.000     0.99218
  9821.200     0.98726
  9821.400     0.94176
  9821.600     0.87066
  9821.800     0.93838
  9822.000     0.99066
  9822.200     0.99842
  9822.400     0.99757
  9822.600     0.99493
  9822.800     0.99603
  9823.000     0.99607
  9823.200     0.99842
  9823.400     0.99933
  9823.600     0.99565
  9823.800     0.99010
  9824.000     0.99246
  9824.200     0.98599
  9824.400     0.98000
  9824.600     0.99128
  9824.800     0.99600
  9825.000     0.99441
  9825.200     0.98727
  9825.400     0.96331
  9825.600     0.95753
  9825.800     0.98467
  9826.000     0.99732
  9826.200     0.99834
  9826.400     0.99470
  9826.600     0.98680
  9826.800     0.98198
  9827.000     0.96538
  9827.200     0.97236
  9827.400     0.99130
  9827.600     0.99807
  9827.800     0.99296
  9828.000     0.97051
  9828.200     0.95358
  9828.400     0.98070
  9828.600     0.99492
  9828.800     0.99763
  9829.000     0.99937
  9829.200     0.99985
  9829.400     0.99990
  9829.600     0.99990
  9829.800     0.99984
  9830.000     0.99952
  9830.200     0.99904
  9830.400     0.99921
  9830.600     0.99971
  9830.800     0.99989
  9831.000     0.99990
  9831.200     0.99992
  9831.400     0.99956
  9831.600     0.99395
  9831.800     0.98237
  9832.000     0.97098
  9832.200     0.94999
  9832.400     0.96800
  9832.600     0.98020
  9832.800     0.98953
  9833.000     0.98132
  9833.200     0.96434
  9833.400     0.97759
  9833.600     0.98648
  9833.800     0.97833
  9834.000     0.92492
  9834.200     0.86141
  9834.400     0.94495
  9834.600     0.99493
  9834.800     0.99835
  9835.000     0.99355
  9835.200     0.98486
  9835.400     0.98920
  9835.600     0.98885
  9835.800     0.99525
  9836.000     0.99929
  9836.200     0.99910
  9836.400     0.99785
  9836.600     0.99851
  9836.800     0.99964
  9837.000     0.99997
  9837.200     0.99985
  9837.400     0.99956
  9837.600     0.99915
  9837.800     0.99799
  9838.000     0.99524
  9838.200     0.99042
  9838.400     0.99473
  9838.600     0.99690
  9838.800     0.99735
  9839.000     0.98742
  9839.200     0.95800
  9839.400     0.95102
  9839.600     0.98235
  9839.800     0.99525
  9840.000     0.99579
  9840.200     0.99792
  9840.400     0.99943
  9840.600     0.99983
  9840.800     0.99954
  9841.000     0.99789
  9841.200     0.98443
  9841.400     0.96288
  9841.600     0.98373
  9841.800     0.99720
  9842.000     0.99744
  9842.200     0.99530
  9842.400     0.99706
  9842.600     0.99799
  9842.800     0.98577
  9843.000     0.96575
  9843.200     0.98156
  9843.400     0.99645
  9843.600     0.99842
  9843.800     0.99581
  9844.000     0.99027
  9844.200     0.98634
  9844.400     0.99186
  9844.600     0.99765
  9844.800     0.99785
  9845.000     0.99513
  9845.200     0.99660
  9845.400     0.99683
  9845.600     0.99265
  9845.800     0.98860
  9846.000     0.99540
  9846.200     0.99748
  9846.400     0.99537
  9846.600     0.99802
  9846.800     0.99959
  9847.000     0.99731
  9847.200     0.98334
  9847.400     0.96675
  9847.600     0.98063
  9847.800     0.98675
  9848.000     0.99466
  9848.200     0.99933
  9848.400     0.99978
  9848.600     0.99893
  9848.800     0.98851
  9849.000     0.96979
  9849.200     0.98161
  9849.400     0.99441
  9849.600     0.99394
  9849.800     0.99047
  9850.000     0.98633
  9850.200     0.98625
  9850.400     0.97996
  9850.600     0.96098
  9850.800     0.98393
  9851.000     0.99870
  9851.200     0.99965
  9851.400     0.99700
  9851.600     0.98501
  9851.800     0.97308
  9852.000     0.98644
  9852.200     0.98209
  9852.400     0.96323
  9852.600     0.98441
  9852.800     0.99849
  9853.000     0.99976
  9853.200     0.99977
  9853.400     0.99985
  9853.600     0.99989
  9853.800     0.99952
  9854.000     0.99480
  9854.200     0.98712
  9854.400     0.98985
  9854.600     0.96915
  9854.800     0.93890
  9855.000     0.97461
  9855.200     0.99413
  9855.400     0.99024
  9855.600     0.99224
  9855.800     0.99128
  9856.000     0.98395
  9856.200     0.99114
  9856.400     0.99182
  9856.600     0.97402
  9856.800     0.94550
  9857.000     0.97552
  9857.200     0.99700
  9857.400     0.99956
  9857.600     0.99945
  9857.800     0.99893
  9858.000     0.99791
  9858.200     0.99816
  9858.400     0.99725
  9858.600     0.99781
  9858.800     0.99776
  9859.000     0.99522
  9859.200     0.99400
  9859.400     0.99602
  9859.600     0.99580
  9859.800     0.99790
  9860.000     0.99923
  9860.200     0.99630
  9860.400     0.99065
  9860.600     0.99403
  9860.800     0.99779
  9861.000     0.99830
  9861.200     0.99399
  9861.400     0.94707
  9861.600     0.80315
  9861.800     0.72500
  9862.000     0.87726
  9862.200     0.97641
  9862.400     0.99522
  9862.600     0.99760
  9862.800     0.99388
  9863.000     0.98623
  9863.200     0.98319
  9863.400     0.99031
  9863.600     0.99744
  9863.800     0.99857
  9864.000     0.99586
  9864.200     0.99460
  9864.400     0.99784
  9864.600     0.99960
  9864.800     0.99937
  9865.000     0.99799
  9865.200     0.99276
  9865.400     0.98085
  9865.600     0.97434
  9865.800     0.99056
  9866.000     0.99919
  9866.200     0.99988
  9866.400     0.99964
  9866.600     0.99767
  9866.800     0.99488
  9867.000     0.99741
  9867.200     0.99951
  9867.400     0.99977
  9867.600     0.99931
  9867.800     0.99250
  9868.000     0.93124
  9868.200     0.84437
  9868.400     0.93613
  9868.600     0.99477
  9868.800     0.99955
  9869.000     0.99967
  9869.200     0.99877
  9869.400     0.99715
  9869.600     0.99791
  9869.800     0.99940
  9870.000     0.99984
  9870.200     0.99966
  9870.400     0.99923
  9870.600     0.99915
  9870.800     0.99931
  9871.000     0.99698
  9871.200     0.97803
  9871.400     0.95150
  9871.600     0.97789
  9871.800     0.99175
  9872.000     0.97429
  9872.200     0.94716
  9872.400     0.97534
  9872.600     0.99583
  9872.800     0.99599
  9873.000     0.97832
  9873.200     0.95434
  9873.400     0.97559
  9873.600     0.98756
  9873.800     0.98715
  9874.000     0.99207
  9874.200     0.99572
  9874.400     0.98585
  9874.600     0.96717
  9874.800     0.98571
  9875.000     0.99844
  9875.200     0.99947
  9875.400     0.99952
  9875.600     0.99960
  9875.800     0.99961
  9876.000     0.99944
  9876.200     0.99977
  9876.400     0.99968
  9876.600     0.99792
  9876.800     0.99571
  9877.000     0.99792
  9877.200     0.99970
  9877.400     0.99999
  9877.600     0.99998
  9877.800     0.99970
  9878.000     0.99831
  9878.200     0.99694
  9878.400     0.99874
  9878.600     0.99960
  9878.800     0.99941
  9879.000     0.99915
  9879.200     0.99919
  9879.400     0.99730
  9879.600     0.99493
  9879.800     0.99799
  9880.000     0.99980
  9880.200     0.99923
  9880.400     0.99160
  9880.600     0.96449
  9880.800     0.94540
  9881.000     0.97848
  9881.200     0.98849
  9881.400     0.94822
  9881.600     0.90855
  9881.800     0.96408
  9882.000     0.99597
  9882.200     0.99704
  9882.400     0.99078
  9882.600     0.98211
  9882.800     0.99215
  9883.000     0.99903
  9883.200     0.99976
  9883.400     0.99986
  9883.600     0.99990
  9883.800     0.99989
  9884.000     0.99950
  9884.200     0.99882
  9884.400     0.99943
  9884.600     0.99973
  9884.800     0.99982
  9885.000     0.99923
  9885.200     0.99564
  9885.400     0.99157
  9885.600     0.99445
  9885.800     0.99095
  9886.000     0.98216
  9886.200     0.98814
  9886.400     0.99270
  9886.600     0.98708
  9886.800     0.96601
  9887.000     0.92666
  9887.200     0.96041
  9887.400     0.99011
  9887.600     0.99606
  9887.800     0.99329
  9888.000     0.99259
  9888.200     0.99697
  9888.400     0.99841
  9888.600     0.99055
  9888.800     0.90519
  9889.000     0.77129
  9889.200     0.88807
  9889.400     0.98246
  9889.600     0.99651
  9889.800     0.99343
  9890.000     0.97894
  9890.200     0.96170
  9890.400     0.93457
  9890.600     0.86629
  9890.800     0.90248
  9891.000     0.96189
  9891.200     0.98178
  9891.400     0.96773
  9891.600     0.94935
  9891.800     0.93855
  9892.000     0.97695
  9892.200     0.99751
  9892.400     0.99925
  9892.600     0.99938
  9892.800     0.99950
  9893.000     0.99946
  9893.200     0.99938
  9893.400     0.99630
  9893.600     0.99118
  9893.800     0.99430
  9894.000     0.99758
  9894.200     0.99910
  9894.400     0.99957
  9894.600     0.99803
  9894.800     0.99487
  9895.000     0.99539
  9895.200     0.99685
  9895.400     0.99880
  9895.600     0.99932
  9895.800     0.99772
  9896.000     0.98585
  9896.200     0.96713
  9896.400     0.98125
  9896.600     0.99609
  9896.800     0.99945
  9897.000     0.99977
  9897.200     0.99969
  9897.400     0.99737
  9897.600     0.98039
  9897.800     0.92957
  9898.000     0.89709
  9898.200     0.96058
  9898.400     0.99527
  9898.600     0.99293
  9898.800     0.96734
  9899.000     0.93445
  9899.200     0.94847
  9899.400     0.98512
  9899.600     0.99383
  9899.800     0.98678
  9900.000     0.99132
  9900.200     0.99722
  9900.400     0.99821
  9900.600     0.99382
  9900.800     0.98443
  9901.000     0.98834
  9901.200     0.99584
  9901.400     0.98703
  9901.600     0.96792
  9901.800     0.98360
  9902.000     0.99602
  9902.200     0.99172
  9902.400     0.98262
  9902.600     0.99148
  9902.800     0.99853
  9903.000     0.99973
  9903.200     0.99920
  9903.400     0.99472
  9903.600     0.98865
  9903.800     0.99369
  9904.000     0.99697
  9904.200     0.99399
  9904.400     0.99155
  9904.600     0.99526
  9904.800     0.99829
  9905.000     0.99651
  9905.200     0.98288
  9905.400     0.96692
  9905.600     0.97760
  9905.800     0.97566
  9906.000     0.98969
  9906.200     0.99831
  9906.400     0.99947
  9906.600     0.99953
  9906.800     0.99917
  9907.000     0.99965
  9907.200     0.99991
  9907.400     0.99978
  9907.600     0.99917
  9907.800     0.99873
  9908.000     0.99925
  9908.200     0.99968
  9908.400     0.99968
  9908.600     0.99983
  9908.800     0.99995
  9909.000     0.99989
  9909.200     0.99970
  9909.400     0.99841
  9909.600     0.99557
  9909.800     0.99552
  9910.000     0.99819
  9910.200     0.99776
  9910.400     0.99361
  9910.600     0.98607
  9910.800     0.97921
  9911.000     0.99187
  9911.200     0.99849
  9911.400     0.99824
  9911.600     0.99824
  9911.800     0.99199
  9912.000     0.98182
  9912.200     0.99012
  9912.400     0.99714
  9912.600     0.99534
  9912.800     0.97290
  9913.000     0.90385
  9913.200     0.85593
  9913.400     0.93777
  9913.600     0.99121
  9913.800     0.99752
  9914.000     0.99477
  9914.200     0.99389
  9914.400     0.99386
  9914.600     0.99125
  9914.800     0.99455
  9915.000     0.98669
  9915.200     0.96988
  9915.400     0.98057
  9915.600     0.99086
  9915.800     0.99459
  9916.000     0.99641
  9916.200     0.99826
  9916.400     0.99725
  9916.600     0.99436
  9916.800     0.99729
  9917.000     0.99885
  9917.200     0.99903
  9917.400     0.99681
  9917.600     0.99417
  9917.800     0.99725
  9918.000     0.99779
  9918.200     0.99649
  9918.400     0.99834
  9918.600     0.99969
  9918.800     0.99991
  9919.000     0.99998
  9919.200     1.00000
  9919.400     0.99998
  9919.600     1.00000
  9919.800     1.00000
  9920.000     1.00000
